schema_version,engine,operation,alphabet,padding,input_len,backend,target_arch,target_os,sample_count,median_throughput_mib_s,minimum_throughput_mib_s,maximum_throughput_mib_s
1,base64-0.23.0,decode,standard,padded,1,external,x86_64,linux,10,73.945423,73.379685,74.558212
1,base64-0.23.0,decode,standard,padded,1024,external,x86_64,linux,10,3917.354713,3841.057059,4015.157218
1,base64-0.23.0,decode,standard,padded,11,external,x86_64,linux,10,652.958951,643.253118,664.257323
1,base64-0.23.0,decode,standard,padded,12,external,x86_64,linux,10,715.696247,705.157152,722.860221
1,base64-0.23.0,decode,standard,padded,15,external,x86_64,linux,10,844.997733,842.473730,847.182382
1,base64-0.23.0,decode,standard,padded,16,external,x86_64,linux,10,850.981953,796.798464,876.235465
1,base64-0.23.0,decode,standard,padded,2,external,x86_64,linux,10,144.869233,143.877408,145.415817
1,base64-0.23.0,decode,standard,padded,23,external,x86_64,linux,10,1130.018347,956.396909,1142.082212
1,base64-0.23.0,decode,standard,padded,24,external,x86_64,linux,10,1176.688552,1160.280192,1184.497341
1,base64-0.23.0,decode,standard,padded,3,external,x86_64,linux,10,212.380461,191.775883,213.039390
1,base64-0.23.0,decode,standard,padded,31,external,x86_64,linux,10,1411.569602,1367.704762,1463.063352
1,base64-0.23.0,decode,standard,padded,32,external,x86_64,linux,10,1433.498787,1354.523040,1501.679629
1,base64-0.23.0,decode,standard,padded,47,external,x86_64,linux,10,1730.929394,1516.904523,1779.094414
1,base64-0.23.0,decode,standard,padded,48,external,x86_64,linux,10,1794.338833,1664.452136,1830.007545
1,base64-0.23.0,decode,standard,padded,63,external,x86_64,linux,10,2150.835012,2137.849455,2166.186534
1,base64-0.23.0,decode,standard,padded,64,external,x86_64,linux,10,2143.140693,2113.548267,2159.760742
1,base64-0.23.0,decode,standard,padded,65536,external,x86_64,linux,10,4175.593557,4135.602263,4219.075495
1,base64-0.23.0,decode,standard,unpadded,1,external,x86_64,linux,10,78.188362,73.516904,78.986894
1,base64-0.23.0,decode,standard,unpadded,1024,external,x86_64,linux,10,3919.430882,3909.204809,3943.528669
1,base64-0.23.0,decode,standard,unpadded,11,external,x86_64,linux,10,673.471965,657.998653,686.192320
1,base64-0.23.0,decode,standard,unpadded,12,external,x86_64,linux,10,719.929469,704.679248,735.801444
1,base64-0.23.0,decode,standard,unpadded,15,external,x86_64,linux,10,846.020751,825.629927,866.629341
1,base64-0.23.0,decode,standard,unpadded,16,external,x86_64,linux,10,911.393759,888.601772,934.439928
1,base64-0.23.0,decode,standard,unpadded,2,external,x86_64,linux,10,151.357012,134.346896,153.957364
1,base64-0.23.0,decode,standard,unpadded,23,external,x86_64,linux,10,1176.775951,1160.304535,1189.718169
1,base64-0.23.0,decode,standard,unpadded,24,external,x86_64,linux,10,1182.338361,1169.501376,1204.484174
1,base64-0.23.0,decode,standard,unpadded,3,external,x86_64,linux,10,219.248957,214.028195,221.327490
1,base64-0.23.0,decode,standard,unpadded,31,external,x86_64,linux,10,1473.213119,1446.891328,1498.459839
1,base64-0.23.0,decode,standard,unpadded,32,external,x86_64,linux,10,1498.749770,1466.450365,1526.610928
1,base64-0.23.0,decode,standard,unpadded,47,external,x86_64,linux,10,1803.298410,1786.234356,1815.979033
1,base64-0.23.0,decode,standard,unpadded,48,external,x86_64,linux,10,1778.865976,1756.762459,1797.641728
1,base64-0.23.0,decode,standard,unpadded,63,external,x86_64,linux,10,2137.342115,2118.721273,2153.182708
1,base64-0.23.0,decode,standard,unpadded,64,external,x86_64,linux,10,2203.561988,1966.820718,2208.811058
1,base64-0.23.0,decode,standard,unpadded,65536,external,x86_64,linux,10,4190.382585,4015.761865,4223.093353
1,base64-0.23.0,decode,url-safe,padded,1,external,x86_64,linux,10,75.989645,74.543359,76.344047
1,base64-0.23.0,decode,url-safe,padded,1024,external,x86_64,linux,10,3995.166413,3346.216266,4017.500231
1,base64-0.23.0,decode,url-safe,padded,11,external,x86_64,linux,10,669.146602,663.573997,674.166243
1,base64-0.23.0,decode,url-safe,padded,12,external,x86_64,linux,10,727.199994,651.627978,744.024766
1,base64-0.23.0,decode,url-safe,padded,15,external,x86_64,linux,10,848.595118,828.935038,864.366539
1,base64-0.23.0,decode,url-safe,padded,16,external,x86_64,linux,10,873.412662,853.493016,896.871846
1,base64-0.23.0,decode,url-safe,padded,2,external,x86_64,linux,10,149.762405,139.510174,150.622411
1,base64-0.23.0,decode,url-safe,padded,23,external,x86_64,linux,10,1138.538965,1124.227458,1176.491069
1,base64-0.23.0,decode,url-safe,padded,24,external,x86_64,linux,10,1193.191538,1173.264469,1219.513120
1,base64-0.23.0,decode,url-safe,padded,3,external,x86_64,linux,10,220.213026,219.954983,220.649466
1,base64-0.23.0,decode,url-safe,padded,31,external,x86_64,linux,10,1409.151411,1388.490302,1431.899744
1,base64-0.23.0,decode,url-safe,padded,32,external,x86_64,linux,10,1471.287450,1438.188803,1510.274017
1,base64-0.23.0,decode,url-safe,padded,47,external,x86_64,linux,10,1776.605277,1763.160020,1784.756713
1,base64-0.23.0,decode,url-safe,padded,48,external,x86_64,linux,10,1800.780761,1777.497656,1828.022105
1,base64-0.23.0,decode,url-safe,padded,63,external,x86_64,linux,10,2134.540635,1741.605209,2183.101064
1,base64-0.23.0,decode,url-safe,padded,64,external,x86_64,linux,10,2147.941384,2085.515521,2160.181801
1,base64-0.23.0,decode,url-safe,padded,65536,external,x86_64,linux,10,4171.052945,4105.031332,4210.131893
1,base64-0.23.0,decode,url-safe,unpadded,1,external,x86_64,linux,10,77.007640,75.354929,78.036473
1,base64-0.23.0,decode,url-safe,unpadded,1024,external,x86_64,linux,10,3571.404586,2524.834907,3983.028316
1,base64-0.23.0,decode,url-safe,unpadded,11,external,x86_64,linux,10,680.275952,668.920740,692.746793
1,base64-0.23.0,decode,url-safe,unpadded,12,external,x86_64,linux,10,716.123852,693.071477,733.092522
1,base64-0.23.0,decode,url-safe,unpadded,15,external,x86_64,linux,10,842.404000,827.587872,853.412080
1,base64-0.23.0,decode,url-safe,unpadded,16,external,x86_64,linux,10,908.105023,889.250913,943.340160
1,base64-0.23.0,decode,url-safe,unpadded,2,external,x86_64,linux,10,150.908141,147.593530,152.999326
1,base64-0.23.0,decode,url-safe,unpadded,23,external,x86_64,linux,10,1172.028953,1127.497774,1179.149057
1,base64-0.23.0,decode,url-safe,unpadded,24,external,x86_64,linux,10,1170.290716,1164.789429,1178.194928
1,base64-0.23.0,decode,url-safe,unpadded,3,external,x86_64,linux,10,218.236594,214.481439,221.123884
1,base64-0.23.0,decode,url-safe,unpadded,31,external,x86_64,linux,10,1459.195512,1408.391339,1505.778311
1,base64-0.23.0,decode,url-safe,unpadded,32,external,x86_64,linux,10,1488.522520,1433.459012,1537.214621
1,base64-0.23.0,decode,url-safe,unpadded,47,external,x86_64,linux,10,1796.991951,1763.370663,1839.193395
1,base64-0.23.0,decode,url-safe,unpadded,48,external,x86_64,linux,10,1782.122738,1605.226292,1839.662982
1,base64-0.23.0,decode,url-safe,unpadded,63,external,x86_64,linux,10,2106.343749,2049.420289,2125.670514
1,base64-0.23.0,decode,url-safe,unpadded,64,external,x86_64,linux,10,2178.974347,2157.776627,2213.083417
1,base64-0.23.0,decode,url-safe,unpadded,65536,external,x86_64,linux,10,4099.192408,4013.823609,4220.232851
1,base64-0.23.0,encode,standard,padded,1,external,x86_64,linux,10,135.961310,107.748528,137.959859
1,base64-0.23.0,encode,standard,padded,1024,external,x86_64,linux,10,4616.331339,4532.367335,4853.355853
1,base64-0.23.0,encode,standard,padded,11,external,x86_64,linux,10,1021.057378,997.386144,1041.652381
1,base64-0.23.0,encode,standard,padded,12,external,x86_64,linux,10,1114.614284,1066.272408,1157.226492
1,base64-0.23.0,encode,standard,padded,15,external,x86_64,linux,10,1251.017187,1079.418329,1371.896531
1,base64-0.23.0,encode,standard,padded,16,external,x86_64,linux,10,1294.221714,1220.095460,1379.586738
1,base64-0.23.0,encode,standard,padded,2,external,x86_64,linux,10,262.702356,254.835682,268.437423
1,base64-0.23.0,encode,standard,padded,23,external,x86_64,linux,10,1520.836062,1454.207732,1652.067499
1,base64-0.23.0,encode,standard,padded,24,external,x86_64,linux,10,1624.011498,1514.243499,1751.368915
1,base64-0.23.0,encode,standard,padded,3,external,x86_64,linux,10,386.563790,355.663846,392.320852
1,base64-0.23.0,encode,standard,padded,31,external,x86_64,linux,10,2175.127056,2105.265582,2294.467795
1,base64-0.23.0,encode,standard,padded,32,external,x86_64,linux,10,2177.806422,2108.224659,2288.027154
1,base64-0.23.0,encode,standard,padded,47,external,x86_64,linux,10,2351.627333,2220.407276,2524.979839
1,base64-0.23.0,encode,standard,padded,48,external,x86_64,linux,10,2452.438046,2289.080325,2601.404596
1,base64-0.23.0,encode,standard,padded,63,external,x86_64,linux,10,2960.815603,2851.101878,3067.604699
1,base64-0.23.0,encode,standard,padded,64,external,x86_64,linux,10,2903.165553,2781.705004,2967.649651
1,base64-0.23.0,encode,standard,padded,65536,external,x86_64,linux,10,5010.673631,4969.839288,5055.483936
1,base64-0.23.0,encode,standard,unpadded,1,external,x86_64,linux,10,146.574535,144.831182,148.809740
1,base64-0.23.0,encode,standard,unpadded,1024,external,x86_64,linux,10,4700.485511,4554.651837,4888.780249
1,base64-0.23.0,encode,standard,unpadded,11,external,x86_64,linux,10,1053.985531,999.275571,1111.980485
1,base64-0.23.0,encode,standard,unpadded,12,external,x86_64,linux,10,1146.923802,1065.336677,1219.728947
1,base64-0.23.0,encode,standard,unpadded,15,external,x86_64,linux,10,1324.558073,1240.832930,1420.624211
1,base64-0.23.0,encode,standard,unpadded,16,external,x86_64,linux,10,1321.042784,1244.578306,1407.950981
1,base64-0.23.0,encode,standard,unpadded,2,external,x86_64,linux,10,276.558779,269.936771,282.903098
1,base64-0.23.0,encode,standard,unpadded,23,external,x86_64,linux,10,1610.106732,1500.386555,1722.955958
1,base64-0.23.0,encode,standard,unpadded,24,external,x86_64,linux,10,1662.953728,1558.773078,1826.458703
1,base64-0.23.0,encode,standard,unpadded,3,external,x86_64,linux,10,408.178173,388.703708,417.755997
1,base64-0.23.0,encode,standard,unpadded,31,external,x86_64,linux,10,2243.256450,2172.192105,2316.191867
1,base64-0.23.0,encode,standard,unpadded,32,external,x86_64,linux,10,2231.629476,2178.356180,2314.273746
1,base64-0.23.0,encode,standard,unpadded,47,external,x86_64,linux,10,2464.691541,2349.341512,2593.322618
1,base64-0.23.0,encode,standard,unpadded,48,external,x86_64,linux,10,2452.842988,2346.431206,2567.743587
1,base64-0.23.0,encode,standard,unpadded,63,external,x86_64,linux,10,2945.091017,2818.037723,3100.213017
1,base64-0.23.0,encode,standard,unpadded,64,external,x86_64,linux,10,2868.588042,1991.564728,3081.728202
1,base64-0.23.0,encode,standard,unpadded,65536,external,x86_64,linux,10,4993.991735,4927.206680,5068.577858
1,base64-0.23.0,encode,url-safe,padded,1,external,x86_64,linux,10,142.807579,137.078064,143.891559
1,base64-0.23.0,encode,url-safe,padded,1024,external,x86_64,linux,10,4679.627263,4631.795423,4921.804826
1,base64-0.23.0,encode,url-safe,padded,11,external,x86_64,linux,10,1048.140832,1001.380952,1110.724383
1,base64-0.23.0,encode,url-safe,padded,12,external,x86_64,linux,10,1123.078256,1027.378952,1225.919827
1,base64-0.23.0,encode,url-safe,padded,15,external,x86_64,linux,10,1321.983162,1241.368966,1392.558503
1,base64-0.23.0,encode,url-safe,padded,16,external,x86_64,linux,10,1316.502488,1241.354740,1403.047981
1,base64-0.23.0,encode,url-safe,padded,2,external,x86_64,linux,10,271.122568,243.436022,276.905660
1,base64-0.23.0,encode,url-safe,padded,23,external,x86_64,linux,10,1606.373299,1435.866314,1722.852064
1,base64-0.23.0,encode,url-safe,padded,24,external,x86_64,linux,10,1615.201549,1125.516612,1778.027822
1,base64-0.23.0,encode,url-safe,padded,3,external,x86_64,linux,10,403.729576,377.801034,407.771749
1,base64-0.23.0,encode,url-safe,padded,31,external,x86_64,linux,10,2167.049297,2141.456269,2202.860629
1,base64-0.23.0,encode,url-safe,padded,32,external,x86_64,linux,10,2210.697420,2172.925779,2272.529718
1,base64-0.23.0,encode,url-safe,padded,47,external,x86_64,linux,10,2445.459435,2338.374769,2559.441521
1,base64-0.23.0,encode,url-safe,padded,48,external,x86_64,linux,10,2504.510120,2375.414803,2609.464002
1,base64-0.23.0,encode,url-safe,padded,63,external,x86_64,linux,10,2966.779127,2562.435413,3087.530068
1,base64-0.23.0,encode,url-safe,padded,64,external,x86_64,linux,10,2913.493097,2780.309017,3015.233715
1,base64-0.23.0,encode,url-safe,padded,65536,external,x86_64,linux,10,5007.163527,4929.101043,5077.991604
1,base64-0.23.0,encode,url-safe,unpadded,1,external,x86_64,linux,10,144.336492,138.062622,147.192016
1,base64-0.23.0,encode,url-safe,unpadded,1024,external,x86_64,linux,10,3879.017931,3709.852441,4606.787641
1,base64-0.23.0,encode,url-safe,unpadded,11,external,x86_64,linux,10,953.494294,818.498950,996.472282
1,base64-0.23.0,encode,url-safe,unpadded,12,external,x86_64,linux,10,1135.108637,1067.653015,1244.541881
1,base64-0.23.0,encode,url-safe,unpadded,15,external,x86_64,linux,10,1301.394133,1232.090374,1375.782756
1,base64-0.23.0,encode,url-safe,unpadded,16,external,x86_64,linux,10,1282.863506,1222.857157,1407.613075
1,base64-0.23.0,encode,url-safe,unpadded,2,external,x86_64,linux,10,271.841929,263.136653,280.344487
1,base64-0.23.0,encode,url-safe,unpadded,23,external,x86_64,linux,10,1563.777319,1483.648904,1729.546827
1,base64-0.23.0,encode,url-safe,unpadded,24,external,x86_64,linux,10,1641.346322,1540.756731,1779.050331
1,base64-0.23.0,encode,url-safe,unpadded,3,external,x86_64,linux,10,403.300957,390.807411,416.848722
1,base64-0.23.0,encode,url-safe,unpadded,31,external,x86_64,linux,10,2226.317316,2186.357762,2320.161869
1,base64-0.23.0,encode,url-safe,unpadded,32,external,x86_64,linux,10,2236.353535,2183.944947,2339.073224
1,base64-0.23.0,encode,url-safe,unpadded,47,external,x86_64,linux,10,2450.562016,2333.195739,2602.452378
1,base64-0.23.0,encode,url-safe,unpadded,48,external,x86_64,linux,10,2458.998196,2254.847654,2647.851453
1,base64-0.23.0,encode,url-safe,unpadded,63,external,x86_64,linux,10,2899.336372,2614.008618,3093.006871
1,base64-0.23.0,encode,url-safe,unpadded,64,external,x86_64,linux,10,2892.747293,2754.699517,3089.645286
1,base64-0.23.0,encode,url-safe,unpadded,65536,external,x86_64,linux,10,4852.391954,3998.504559,5044.377915
1,base64-ng,decode,standard,padded,1,auto,x86_64,linux,10,64.440759,61.157753,66.991989
1,base64-ng,decode,standard,padded,1,avx2,x86_64,linux,10,72.896812,70.512436,76.120936
1,base64-ng,decode,standard,padded,1,avx512-vbmi,x86_64,linux,10,69.601882,67.497570,72.097309
1,base64-ng,decode,standard,padded,1,scalar,x86_64,linux,10,96.140072,86.498426,99.884965
1,base64-ng,decode,standard,padded,1,ssse3-sse4.1,x86_64,linux,10,79.511001,76.380893,83.288515
1,base64-ng,decode,standard,padded,1024,auto,x86_64,linux,10,142.521596,136.317882,144.578437
1,base64-ng,decode,standard,padded,1024,avx2,x86_64,linux,10,108.689151,102.246627,111.958707
1,base64-ng,decode,standard,padded,1024,avx512-vbmi,x86_64,linux,10,141.826909,134.077634,144.680709
1,base64-ng,decode,standard,padded,1024,scalar,x86_64,linux,10,307.480277,305.257340,309.897851
1,base64-ng,decode,standard,padded,1024,ssse3-sse4.1,x86_64,linux,10,77.963161,76.366579,79.496277
1,base64-ng,decode,standard,padded,11,auto,x86_64,linux,10,60.003923,56.671143,62.554786
1,base64-ng,decode,standard,padded,11,avx2,x86_64,linux,10,60.303284,58.741202,62.484110
1,base64-ng,decode,standard,padded,11,avx512-vbmi,x86_64,linux,10,58.826842,58.041041,62.281881
1,base64-ng,decode,standard,padded,11,scalar,x86_64,linux,10,259.200941,240.097496,265.684407
1,base64-ng,decode,standard,padded,11,ssse3-sse4.1,x86_64,linux,10,60.631567,58.011507,62.791119
1,base64-ng,decode,standard,padded,12,auto,x86_64,linux,10,65.579583,63.873429,68.364588
1,base64-ng,decode,standard,padded,12,avx2,x86_64,linux,10,66.618307,63.915405,68.831040
1,base64-ng,decode,standard,padded,12,avx512-vbmi,x86_64,linux,10,65.050703,60.437344,68.543649
1,base64-ng,decode,standard,padded,12,scalar,x86_64,linux,10,273.376252,268.454678,281.172633
1,base64-ng,decode,standard,padded,12,ssse3-sse4.1,x86_64,linux,10,66.778097,63.688505,69.482127
1,base64-ng,decode,standard,padded,15,auto,x86_64,linux,10,75.279313,73.369343,79.313179
1,base64-ng,decode,standard,padded,15,avx2,x86_64,linux,10,76.389259,73.246489,81.236465
1,base64-ng,decode,standard,padded,15,avx512-vbmi,x86_64,linux,10,77.470889,74.702445,80.201259
1,base64-ng,decode,standard,padded,15,scalar,x86_64,linux,10,285.306222,278.776442,291.739667
1,base64-ng,decode,standard,padded,15,ssse3-sse4.1,x86_64,linux,10,78.359048,71.080582,81.332432
1,base64-ng,decode,standard,padded,16,auto,x86_64,linux,10,78.649118,76.985490,80.772025
1,base64-ng,decode,standard,padded,16,avx2,x86_64,linux,10,80.200445,78.392121,81.742034
1,base64-ng,decode,standard,padded,16,avx512-vbmi,x86_64,linux,10,79.776522,75.800641,80.757742
1,base64-ng,decode,standard,padded,16,scalar,x86_64,linux,10,277.780155,259.156048,282.001494
1,base64-ng,decode,standard,padded,16,ssse3-sse4.1,x86_64,linux,10,80.791865,79.742127,82.321528
1,base64-ng,decode,standard,padded,2,auto,x86_64,linux,10,115.030490,112.118926,118.720621
1,base64-ng,decode,standard,padded,2,avx2,x86_64,linux,10,130.494719,127.862346,134.509480
1,base64-ng,decode,standard,padded,2,avx512-vbmi,x86_64,linux,10,120.634094,104.799467,121.528497
1,base64-ng,decode,standard,padded,2,scalar,x86_64,linux,10,163.998107,161.797578,165.685065
1,base64-ng,decode,standard,padded,2,ssse3-sse4.1,x86_64,linux,10,134.824074,133.703782,139.000268
1,base64-ng,decode,standard,padded,23,auto,x86_64,linux,10,92.023469,86.272488,95.414046
1,base64-ng,decode,standard,padded,23,avx2,x86_64,linux,10,94.579994,88.273747,98.054900
1,base64-ng,decode,standard,padded,23,avx512-vbmi,x86_64,linux,10,92.960230,90.057563,97.971093
1,base64-ng,decode,standard,padded,23,scalar,x86_64,linux,10,280.574747,276.039449,293.001178
1,base64-ng,decode,standard,padded,23,ssse3-sse4.1,x86_64,linux,10,67.864284,62.368790,70.249469
1,base64-ng,decode,standard,padded,24,auto,x86_64,linux,10,96.036323,93.237447,102.126239
1,base64-ng,decode,standard,padded,24,avx2,x86_64,linux,10,99.197795,93.821144,103.553210
1,base64-ng,decode,standard,padded,24,avx512-vbmi,x86_64,linux,10,98.497505,96.166624,102.496074
1,base64-ng,decode,standard,padded,24,scalar,x86_64,linux,10,296.237681,284.679585,304.697760
1,base64-ng,decode,standard,padded,24,ssse3-sse4.1,x86_64,linux,10,70.970081,67.889327,74.273571
1,base64-ng,decode,standard,padded,3,auto,x86_64,linux,10,152.076343,148.153622,154.302491
1,base64-ng,decode,standard,padded,3,avx2,x86_64,linux,10,166.331662,152.870994,172.750996
1,base64-ng,decode,standard,padded,3,avx512-vbmi,x86_64,linux,10,158.301167,137.399054,161.722357
1,base64-ng,decode,standard,padded,3,scalar,x86_64,linux,10,210.568805,206.220118,215.506136
1,base64-ng,decode,standard,padded,3,ssse3-sse4.1,x86_64,linux,10,178.323762,176.034710,183.742414
1,base64-ng,decode,standard,padded,31,auto,x86_64,linux,10,106.228513,101.459684,115.058949
1,base64-ng,decode,standard,padded,31,avx2,x86_64,linux,10,111.742873,106.458378,116.039725
1,base64-ng,decode,standard,padded,31,avx512-vbmi,x86_64,linux,10,107.749389,105.401211,115.839801
1,base64-ng,decode,standard,padded,31,scalar,x86_64,linux,10,286.568959,273.811955,296.463373
1,base64-ng,decode,standard,padded,31,ssse3-sse4.1,x86_64,linux,10,82.337617,79.126107,86.022578
1,base64-ng,decode,standard,padded,32,auto,x86_64,linux,10,110.842573,107.128952,116.047252
1,base64-ng,decode,standard,padded,32,avx2,x86_64,linux,10,109.803543,109.142925,117.656229
1,base64-ng,decode,standard,padded,32,avx512-vbmi,x86_64,linux,10,109.439938,108.202063,117.295115
1,base64-ng,decode,standard,padded,32,scalar,x86_64,linux,10,286.739554,273.274723,298.693812
1,base64-ng,decode,standard,padded,32,ssse3-sse4.1,x86_64,linux,10,83.084910,79.832060,87.914984
1,base64-ng,decode,standard,padded,47,auto,x86_64,linux,10,127.880588,123.128785,133.399822
1,base64-ng,decode,standard,padded,47,avx2,x86_64,linux,10,100.883043,96.120188,104.154473
1,base64-ng,decode,standard,padded,47,avx512-vbmi,x86_64,linux,10,126.261223,120.529363,132.333225
1,base64-ng,decode,standard,padded,47,scalar,x86_64,linux,10,291.578445,281.305043,303.334339
1,base64-ng,decode,standard,padded,47,ssse3-sse4.1,x86_64,linux,10,69.773185,67.896278,73.235552
1,base64-ng,decode,standard,padded,48,auto,x86_64,linux,10,128.559006,121.810498,137.839064
1,base64-ng,decode,standard,padded,48,avx2,x86_64,linux,10,103.673110,99.296665,108.085182
1,base64-ng,decode,standard,padded,48,avx512-vbmi,x86_64,linux,10,132.700517,130.877930,137.647358
1,base64-ng,decode,standard,padded,48,scalar,x86_64,linux,10,295.729568,287.383696,311.848166
1,base64-ng,decode,standard,padded,48,ssse3-sse4.1,x86_64,linux,10,71.853166,69.239692,75.024720
1,base64-ng,decode,standard,padded,63,auto,x86_64,linux,10,109.431511,100.575744,113.789630
1,base64-ng,decode,standard,padded,63,avx2,x86_64,linux,10,94.119719,92.745893,96.591818
1,base64-ng,decode,standard,padded,63,avx512-vbmi,x86_64,linux,10,114.826871,108.375265,115.903799
1,base64-ng,decode,standard,padded,63,scalar,x86_64,linux,10,306.924446,290.479909,315.645249
1,base64-ng,decode,standard,padded,63,ssse3-sse4.1,x86_64,linux,10,75.122441,73.678627,79.768942
1,base64-ng,decode,standard,padded,64,auto,x86_64,linux,10,111.740931,109.414574,113.420575
1,base64-ng,decode,standard,padded,64,avx2,x86_64,linux,10,96.226946,89.956865,97.799860
1,base64-ng,decode,standard,padded,64,avx512-vbmi,x86_64,linux,10,114.717278,113.045058,115.677965
1,base64-ng,decode,standard,padded,64,scalar,x86_64,linux,10,300.059866,289.960782,304.705909
1,base64-ng,decode,standard,padded,64,ssse3-sse4.1,x86_64,linux,10,77.829346,75.724231,78.513601
1,base64-ng,decode,standard,padded,65536,auto,x86_64,linux,10,144.036304,136.939179,147.075651
1,base64-ng,decode,standard,padded,65536,avx2,x86_64,linux,10,112.556109,110.611436,113.099626
1,base64-ng,decode,standard,padded,65536,avx512-vbmi,x86_64,linux,10,145.982171,139.774501,147.003951
1,base64-ng,decode,standard,padded,65536,scalar,x86_64,linux,10,301.613392,293.341156,309.745899
1,base64-ng,decode,standard,padded,65536,ssse3-sse4.1,x86_64,linux,10,77.543550,75.124971,78.336963
1,base64-ng,decode,standard,unpadded,1,auto,x86_64,linux,10,67.780568,66.745898,74.500127
1,base64-ng,decode,standard,unpadded,1,avx2,x86_64,linux,10,84.226394,79.355602,89.437273
1,base64-ng,decode,standard,unpadded,1,avx512-vbmi,x86_64,linux,10,74.786634,70.936410,78.802913
1,base64-ng,decode,standard,unpadded,1,scalar,x86_64,linux,10,112.411885,108.010327,116.869495
1,base64-ng,decode,standard,unpadded,1,ssse3-sse4.1,x86_64,linux,10,90.398592,84.579868,96.253244
1,base64-ng,decode,standard,unpadded,1024,auto,x86_64,linux,10,146.896974,141.555414,147.777255
1,base64-ng,decode,standard,unpadded,1024,avx2,x86_64,linux,10,113.264326,110.640217,114.060858
1,base64-ng,decode,standard,unpadded,1024,avx512-vbmi,x86_64,linux,10,147.431324,130.529350,148.478127
1,base64-ng,decode,standard,unpadded,1024,scalar,x86_64,linux,10,287.817826,282.460562,288.454084
1,base64-ng,decode,standard,unpadded,1024,ssse3-sse4.1,x86_64,linux,10,79.051667,77.212411,79.457326
1,base64-ng,decode,standard,unpadded,11,auto,x86_64,linux,10,231.762530,218.357519,235.209287
1,base64-ng,decode,standard,unpadded,11,avx2,x86_64,linux,10,241.261776,237.635342,244.428383
1,base64-ng,decode,standard,unpadded,11,avx512-vbmi,x86_64,linux,10,234.749437,231.506099,237.013777
1,base64-ng,decode,standard,unpadded,11,scalar,x86_64,linux,10,255.600516,227.300045,260.731792
1,base64-ng,decode,standard,unpadded,11,ssse3-sse4.1,x86_64,linux,10,247.713401,244.867027,251.450853
1,base64-ng,decode,standard,unpadded,12,auto,x86_64,linux,10,68.737761,65.032596,69.561619
1,base64-ng,decode,standard,unpadded,12,avx2,x86_64,linux,10,68.597121,65.069915,70.137965
1,base64-ng,decode,standard,unpadded,12,avx512-vbmi,x86_64,linux,10,68.375775,66.995455,69.609355
1,base64-ng,decode,standard,unpadded,12,scalar,x86_64,linux,10,263.656510,256.391128,268.937880
1,base64-ng,decode,standard,unpadded,12,ssse3-sse4.1,x86_64,linux,10,69.302540,67.218508,70.474819
1,base64-ng,decode,standard,unpadded,15,auto,x86_64,linux,10,79.549279,77.555360,79.911783
1,base64-ng,decode,standard,unpadded,15,avx2,x86_64,linux,10,80.325845,77.717261,80.899005
1,base64-ng,decode,standard,unpadded,15,avx512-vbmi,x86_64,linux,10,79.735217,74.590889,80.490040
1,base64-ng,decode,standard,unpadded,15,scalar,x86_64,linux,10,269.722094,238.616317,273.705535
1,base64-ng,decode,standard,unpadded,15,ssse3-sse4.1,x86_64,linux,10,81.050089,78.460819,81.645190
1,base64-ng,decode,standard,unpadded,16,auto,x86_64,linux,10,82.326322,79.934225,83.349583
1,base64-ng,decode,standard,unpadded,16,avx2,x86_64,linux,10,83.450746,78.116557,84.245090
1,base64-ng,decode,standard,unpadded,16,avx512-vbmi,x86_64,linux,10,83.056299,79.214716,84.013106
1,base64-ng,decode,standard,unpadded,16,scalar,x86_64,linux,10,263.589874,251.030386,268.994853
1,base64-ng,decode,standard,unpadded,16,ssse3-sse4.1,x86_64,linux,10,83.717740,82.183950,84.802530
1,base64-ng,decode,standard,unpadded,2,auto,x86_64,linux,10,124.484136,117.516249,129.949973
1,base64-ng,decode,standard,unpadded,2,avx2,x86_64,linux,10,140.376354,134.061655,147.847907
1,base64-ng,decode,standard,unpadded,2,avx512-vbmi,x86_64,linux,10,128.418876,122.696974,133.105669
1,base64-ng,decode,standard,unpadded,2,scalar,x86_64,linux,10,171.774598,166.103969,183.712019
1,base64-ng,decode,standard,unpadded,2,ssse3-sse4.1,x86_64,linux,10,146.603004,142.413504,157.555290
1,base64-ng,decode,standard,unpadded,23,auto,x86_64,linux,10,104.044396,100.788058,104.517057
1,base64-ng,decode,standard,unpadded,23,avx2,x86_64,linux,10,103.732061,101.366793,103.958851
1,base64-ng,decode,standard,unpadded,23,avx512-vbmi,x86_64,linux,10,101.646704,92.992083,103.218182
1,base64-ng,decode,standard,unpadded,23,scalar,x86_64,linux,10,278.287561,273.207911,278.678190
1,base64-ng,decode,standard,unpadded,23,ssse3-sse4.1,x86_64,linux,10,103.433400,100.207295,106.043111
1,base64-ng,decode,standard,unpadded,24,auto,x86_64,linux,10,101.586334,95.208786,103.548969
1,base64-ng,decode,standard,unpadded,24,avx2,x86_64,linux,10,104.419523,103.593704,104.754005
1,base64-ng,decode,standard,unpadded,24,avx512-vbmi,x86_64,linux,10,103.411113,101.277846,104.208281
1,base64-ng,decode,standard,unpadded,24,scalar,x86_64,linux,10,280.178778,273.131417,281.384675
1,base64-ng,decode,standard,unpadded,24,ssse3-sse4.1,x86_64,linux,10,74.362385,72.232784,74.987251
1,base64-ng,decode,standard,unpadded,3,auto,x86_64,linux,10,147.479211,143.138960,153.018997
1,base64-ng,decode,standard,unpadded,3,avx2,x86_64,linux,10,165.663309,141.700830,172.302112
1,base64-ng,decode,standard,unpadded,3,avx512-vbmi,x86_64,linux,10,151.799537,147.322056,158.303161
1,base64-ng,decode,standard,unpadded,3,scalar,x86_64,linux,10,195.012456,193.509798,201.739298
1,base64-ng,decode,standard,unpadded,3,ssse3-sse4.1,x86_64,linux,10,167.403514,166.494326,178.661299
1,base64-ng,decode,standard,unpadded,31,auto,x86_64,linux,10,116.063710,105.346201,118.284990
1,base64-ng,decode,standard,unpadded,31,avx2,x86_64,linux,10,116.728604,113.217287,118.120823
1,base64-ng,decode,standard,unpadded,31,avx512-vbmi,x86_64,linux,10,116.531289,111.259815,119.163438
1,base64-ng,decode,standard,unpadded,31,scalar,x86_64,linux,10,279.131866,276.590211,279.672977
1,base64-ng,decode,standard,unpadded,31,ssse3-sse4.1,x86_64,linux,10,87.004526,85.102842,87.585967
1,base64-ng,decode,standard,unpadded,32,auto,x86_64,linux,10,116.576577,110.884540,119.031107
1,base64-ng,decode,standard,unpadded,32,avx2,x86_64,linux,10,118.754448,109.370154,119.651671
1,base64-ng,decode,standard,unpadded,32,avx512-vbmi,x86_64,linux,10,116.285607,113.682492,119.683094
1,base64-ng,decode,standard,unpadded,32,scalar,x86_64,linux,10,281.678111,268.099264,283.838740
1,base64-ng,decode,standard,unpadded,32,ssse3-sse4.1,x86_64,linux,10,88.382334,83.476504,89.916709
1,base64-ng,decode,standard,unpadded,47,auto,x86_64,linux,10,102.227317,99.991888,102.916398
1,base64-ng,decode,standard,unpadded,47,avx2,x86_64,linux,10,101.881213,100.081324,102.995622
1,base64-ng,decode,standard,unpadded,47,avx512-vbmi,x86_64,linux,10,102.291100,97.535170,103.586222
1,base64-ng,decode,standard,unpadded,47,scalar,x86_64,linux,10,282.707030,275.573039,284.921221
1,base64-ng,decode,standard,unpadded,47,ssse3-sse4.1,x86_64,linux,10,89.378140,82.876710,89.795319
1,base64-ng,decode,standard,unpadded,48,auto,x86_64,linux,10,139.972864,138.565698,141.157391
1,base64-ng,decode,standard,unpadded,48,avx2,x86_64,linux,10,106.203914,104.483204,107.368905
1,base64-ng,decode,standard,unpadded,48,avx512-vbmi,x86_64,linux,10,139.740184,137.951658,140.625148
1,base64-ng,decode,standard,unpadded,48,scalar,x86_64,linux,10,284.720729,279.393299,285.153541
1,base64-ng,decode,standard,unpadded,48,ssse3-sse4.1,x86_64,linux,10,75.182379,72.246325,75.940498
1,base64-ng,decode,standard,unpadded,63,auto,x86_64,linux,10,117.695807,114.413245,119.073467
1,base64-ng,decode,standard,unpadded,63,avx2,x86_64,linux,10,99.230244,96.470755,99.891281
1,base64-ng,decode,standard,unpadded,63,avx512-vbmi,x86_64,linux,10,118.666432,116.438258,119.661506
1,base64-ng,decode,standard,unpadded,63,scalar,x86_64,linux,10,284.225708,241.292067,286.206104
1,base64-ng,decode,standard,unpadded,63,ssse3-sse4.1,x86_64,linux,10,78.962732,77.170596,80.097059
1,base64-ng,decode,standard,unpadded,64,auto,x86_64,linux,10,117.839742,108.822259,119.320252
1,base64-ng,decode,standard,unpadded,64,avx2,x86_64,linux,10,98.637141,96.760902,100.027460
1,base64-ng,decode,standard,unpadded,64,avx512-vbmi,x86_64,linux,10,117.001704,110.596053,119.844726
1,base64-ng,decode,standard,unpadded,64,scalar,x86_64,linux,10,285.442909,276.705678,286.921529
1,base64-ng,decode,standard,unpadded,64,ssse3-sse4.1,x86_64,linux,10,79.429848,78.095775,80.403474
1,base64-ng,decode,standard,unpadded,65536,auto,x86_64,linux,10,148.767548,143.983101,150.165060
1,base64-ng,decode,standard,unpadded,65536,avx2,x86_64,linux,10,114.311722,111.847618,115.725679
1,base64-ng,decode,standard,unpadded,65536,avx512-vbmi,x86_64,linux,10,148.756744,133.588991,151.308266
1,base64-ng,decode,standard,unpadded,65536,scalar,x86_64,linux,10,289.873736,283.444985,292.296575
1,base64-ng,decode,standard,unpadded,65536,ssse3-sse4.1,x86_64,linux,10,78.920836,76.898601,79.938500
1,base64-ng,decode,url-safe,padded,1,auto,x86_64,linux,10,66.354321,62.877395,69.959431
1,base64-ng,decode,url-safe,padded,1,avx2,x86_64,linux,10,76.112619,72.242130,79.607663
1,base64-ng,decode,url-safe,padded,1,avx512-vbmi,x86_64,linux,10,68.481369,62.849225,73.182490
1,base64-ng,decode,url-safe,padded,1,scalar,x86_64,linux,10,100.950636,91.137384,103.897302
1,base64-ng,decode,url-safe,padded,1,ssse3-sse4.1,x86_64,linux,10,79.088764,77.212560,87.877966
1,base64-ng,decode,url-safe,padded,1024,auto,x86_64,linux,10,142.770496,139.903079,144.945912
1,base64-ng,decode,url-safe,padded,1024,avx2,x86_64,linux,10,109.805963,106.738207,111.264635
1,base64-ng,decode,url-safe,padded,1024,avx512-vbmi,x86_64,linux,10,142.995573,134.483743,143.937735
1,base64-ng,decode,url-safe,padded,1024,scalar,x86_64,linux,10,307.642209,288.684144,308.942479
1,base64-ng,decode,url-safe,padded,1024,ssse3-sse4.1,x86_64,linux,10,76.999425,75.629571,78.312669
1,base64-ng,decode,url-safe,padded,11,auto,x86_64,linux,10,62.986930,61.611191,63.707174
1,base64-ng,decode,url-safe,padded,11,avx2,x86_64,linux,10,62.913797,60.856386,63.496044
1,base64-ng,decode,url-safe,padded,11,avx512-vbmi,x86_64,linux,10,62.444282,58.749162,63.411754
1,base64-ng,decode,url-safe,padded,11,scalar,x86_64,linux,10,265.091208,244.875887,273.044775
1,base64-ng,decode,url-safe,padded,11,ssse3-sse4.1,x86_64,linux,10,64.032033,63.106161,65.216172
1,base64-ng,decode,url-safe,padded,12,auto,x86_64,linux,10,69.051122,66.037184,69.695986
1,base64-ng,decode,url-safe,padded,12,avx2,x86_64,linux,10,68.830338,65.260304,70.083423
1,base64-ng,decode,url-safe,padded,12,avx512-vbmi,x86_64,linux,10,68.721091,67.800911,69.554263
1,base64-ng,decode,url-safe,padded,12,scalar,x86_64,linux,10,282.785816,277.310053,286.500190
1,base64-ng,decode,url-safe,padded,12,ssse3-sse4.1,x86_64,linux,10,70.000448,67.946184,70.714570
1,base64-ng,decode,url-safe,padded,15,auto,x86_64,linux,10,77.752237,76.296706,80.217797
1,base64-ng,decode,url-safe,padded,15,avx2,x86_64,linux,10,80.652842,76.407122,81.802472
1,base64-ng,decode,url-safe,padded,15,avx512-vbmi,x86_64,linux,10,80.229993,77.954270,81.012714
1,base64-ng,decode,url-safe,padded,15,scalar,x86_64,linux,10,287.514520,280.912102,293.385284
1,base64-ng,decode,url-safe,padded,15,ssse3-sse4.1,x86_64,linux,10,81.807536,80.739313,82.399710
1,base64-ng,decode,url-safe,padded,16,auto,x86_64,linux,10,81.369172,77.682690,82.048917
1,base64-ng,decode,url-safe,padded,16,avx2,x86_64,linux,10,82.723196,81.992671,83.509486
1,base64-ng,decode,url-safe,padded,16,avx512-vbmi,x86_64,linux,10,82.281509,80.751882,82.691781
1,base64-ng,decode,url-safe,padded,16,scalar,x86_64,linux,10,279.183263,276.270072,281.062678
1,base64-ng,decode,url-safe,padded,16,ssse3-sse4.1,x86_64,linux,10,83.101782,80.692002,84.152486
1,base64-ng,decode,url-safe,padded,2,auto,x86_64,linux,10,116.694964,112.357284,120.530964
1,base64-ng,decode,url-safe,padded,2,avx2,x86_64,linux,10,133.546091,128.164489,139.488238
1,base64-ng,decode,url-safe,padded,2,avx512-vbmi,x86_64,linux,10,119.869957,118.133728,126.837571
1,base64-ng,decode,url-safe,padded,2,scalar,x86_64,linux,10,166.330942,159.635138,169.380452
1,base64-ng,decode,url-safe,padded,2,ssse3-sse4.1,x86_64,linux,10,135.376458,128.273981,146.438393
1,base64-ng,decode,url-safe,padded,23,auto,x86_64,linux,10,98.354368,95.051861,99.931194
1,base64-ng,decode,url-safe,padded,23,avx2,x86_64,linux,10,96.463787,90.476127,98.093182
1,base64-ng,decode,url-safe,padded,23,avx512-vbmi,x86_64,linux,10,97.003989,94.649990,98.365796
1,base64-ng,decode,url-safe,padded,23,scalar,x86_64,linux,10,289.935264,282.782990,293.275359
1,base64-ng,decode,url-safe,padded,23,ssse3-sse4.1,x86_64,linux,10,70.303255,69.869024,70.764970
1,base64-ng,decode,url-safe,padded,24,auto,x86_64,linux,10,102.761142,100.107913,103.349995
1,base64-ng,decode,url-safe,padded,24,avx2,x86_64,linux,10,103.868999,95.467502,104.927612
1,base64-ng,decode,url-safe,padded,24,avx512-vbmi,x86_64,linux,10,103.539039,101.391455,104.314442
1,base64-ng,decode,url-safe,padded,24,scalar,x86_64,linux,10,301.486233,259.605842,303.309801
1,base64-ng,decode,url-safe,padded,24,ssse3-sse4.1,x86_64,linux,10,73.912335,72.023770,74.371501
1,base64-ng,decode,url-safe,padded,3,auto,x86_64,linux,10,156.676525,148.756306,162.508469
1,base64-ng,decode,url-safe,padded,3,avx2,x86_64,linux,10,172.105198,159.487986,179.283799
1,base64-ng,decode,url-safe,padded,3,avx512-vbmi,x86_64,linux,10,159.739787,150.346372,166.795998
1,base64-ng,decode,url-safe,padded,3,scalar,x86_64,linux,10,215.202393,211.640732,218.122413
1,base64-ng,decode,url-safe,padded,3,ssse3-sse4.1,x86_64,linux,10,184.321931,176.742535,191.692470
1,base64-ng,decode,url-safe,padded,31,auto,x86_64,linux,10,112.128117,109.466697,114.833746
1,base64-ng,decode,url-safe,padded,31,avx2,x86_64,linux,10,116.681030,102.667346,117.913254
1,base64-ng,decode,url-safe,padded,31,avx512-vbmi,x86_64,linux,10,114.903666,110.636678,117.113714
1,base64-ng,decode,url-safe,padded,31,scalar,x86_64,linux,10,295.269965,290.691630,296.434086
1,base64-ng,decode,url-safe,padded,31,ssse3-sse4.1,x86_64,linux,10,85.671291,82.998452,87.097281
1,base64-ng,decode,url-safe,padded,32,auto,x86_64,linux,10,117.509719,112.959180,118.562392
1,base64-ng,decode,url-safe,padded,32,avx2,x86_64,linux,10,118.417614,117.773575,119.544872
1,base64-ng,decode,url-safe,padded,32,avx512-vbmi,x86_64,linux,10,117.733552,114.932664,119.065295
1,base64-ng,decode,url-safe,padded,32,scalar,x86_64,linux,10,297.988221,293.356904,298.941620
1,base64-ng,decode,url-safe,padded,32,ssse3-sse4.1,x86_64,linux,10,88.077456,82.205204,89.179342
1,base64-ng,decode,url-safe,padded,47,auto,x86_64,linux,10,133.488247,128.840113,134.115330
1,base64-ng,decode,url-safe,padded,47,avx2,x86_64,linux,10,105.704952,101.923335,106.474995
1,base64-ng,decode,url-safe,padded,47,avx512-vbmi,x86_64,linux,10,132.834817,131.815354,134.154355
1,base64-ng,decode,url-safe,padded,47,scalar,x86_64,linux,10,300.355294,290.650449,302.363964
1,base64-ng,decode,url-safe,padded,47,ssse3-sse4.1,x86_64,linux,10,73.337268,72.842500,73.953462
1,base64-ng,decode,url-safe,padded,48,auto,x86_64,linux,10,138.189559,135.773397,140.569942
1,base64-ng,decode,url-safe,padded,48,avx2,x86_64,linux,10,105.484250,104.425596,106.119340
1,base64-ng,decode,url-safe,padded,48,avx512-vbmi,x86_64,linux,10,137.662438,134.147089,139.280215
1,base64-ng,decode,url-safe,padded,48,scalar,x86_64,linux,10,310.318356,301.082376,314.938375
1,base64-ng,decode,url-safe,padded,48,ssse3-sse4.1,x86_64,linux,10,74.412180,73.860323,75.439548
1,base64-ng,decode,url-safe,padded,63,auto,x86_64,linux,10,114.241801,105.229227,116.936893
1,base64-ng,decode,url-safe,padded,63,avx2,x86_64,linux,10,97.480040,95.250877,98.587870
1,base64-ng,decode,url-safe,padded,63,avx512-vbmi,x86_64,linux,10,117.144724,107.873715,118.286264
1,base64-ng,decode,url-safe,padded,63,scalar,x86_64,linux,10,312.459443,307.625160,317.188489
1,base64-ng,decode,url-safe,padded,63,ssse3-sse4.1,x86_64,linux,10,78.441606,76.181039,78.896576
1,base64-ng,decode,url-safe,padded,64,auto,x86_64,linux,10,114.387440,110.287001,115.065258
1,base64-ng,decode,url-safe,padded,64,avx2,x86_64,linux,10,96.340878,87.124961,97.596289
1,base64-ng,decode,url-safe,padded,64,avx512-vbmi,x86_64,linux,10,114.796222,107.685788,116.227116
1,base64-ng,decode,url-safe,padded,64,scalar,x86_64,linux,10,300.709924,291.481178,302.688700
1,base64-ng,decode,url-safe,padded,64,ssse3-sse4.1,x86_64,linux,10,79.043626,77.178767,79.695874
1,base64-ng,decode,url-safe,padded,65536,auto,x86_64,linux,10,146.420188,140.805219,148.077663
1,base64-ng,decode,url-safe,padded,65536,avx2,x86_64,linux,10,112.328123,109.546909,113.674561
1,base64-ng,decode,url-safe,padded,65536,avx512-vbmi,x86_64,linux,10,144.458504,134.290408,147.683618
1,base64-ng,decode,url-safe,padded,65536,scalar,x86_64,linux,10,307.998110,298.282304,310.158088
1,base64-ng,decode,url-safe,padded,65536,ssse3-sse4.1,x86_64,linux,10,78.223422,76.554935,78.786786
1,base64-ng,decode,url-safe,unpadded,1,auto,x86_64,linux,10,72.187365,68.056849,76.052030
1,base64-ng,decode,url-safe,unpadded,1,avx2,x86_64,linux,10,81.503069,68.815128,88.727194
1,base64-ng,decode,url-safe,unpadded,1,avx512-vbmi,x86_64,linux,10,74.143428,69.110583,78.899777
1,base64-ng,decode,url-safe,unpadded,1,scalar,x86_64,linux,10,109.720308,106.907322,116.921759
1,base64-ng,decode,url-safe,unpadded,1,ssse3-sse4.1,x86_64,linux,10,90.559998,83.281879,96.098504
1,base64-ng,decode,url-safe,unpadded,1024,auto,x86_64,linux,10,138.550997,132.137856,147.431603
1,base64-ng,decode,url-safe,unpadded,1024,avx2,x86_64,linux,10,109.761212,100.537708,114.114389
1,base64-ng,decode,url-safe,unpadded,1024,avx512-vbmi,x86_64,linux,10,142.614006,129.828104,147.131692
1,base64-ng,decode,url-safe,unpadded,1024,scalar,x86_64,linux,10,281.781661,269.981664,291.021161
1,base64-ng,decode,url-safe,unpadded,1024,ssse3-sse4.1,x86_64,linux,10,76.037732,74.709646,79.619300
1,base64-ng,decode,url-safe,unpadded,11,auto,x86_64,linux,10,225.510938,220.179006,233.764906
1,base64-ng,decode,url-safe,unpadded,11,avx2,x86_64,linux,10,237.921365,228.154496,245.992997
1,base64-ng,decode,url-safe,unpadded,11,avx512-vbmi,x86_64,linux,10,231.084976,205.125800,238.844870
1,base64-ng,decode,url-safe,unpadded,11,scalar,x86_64,linux,10,252.615361,214.997451,262.970364
1,base64-ng,decode,url-safe,unpadded,11,ssse3-sse4.1,x86_64,linux,10,240.109005,158.425158,249.932311
1,base64-ng,decode,url-safe,unpadded,12,auto,x86_64,linux,10,66.435833,61.137992,69.728267
1,base64-ng,decode,url-safe,unpadded,12,avx2,x86_64,linux,10,67.484276,65.858458,69.928570
1,base64-ng,decode,url-safe,unpadded,12,avx512-vbmi,x86_64,linux,10,67.244935,64.536273,69.552131
1,base64-ng,decode,url-safe,unpadded,12,scalar,x86_64,linux,10,256.342220,250.970027,265.960695
1,base64-ng,decode,url-safe,unpadded,12,ssse3-sse4.1,x86_64,linux,10,67.382130,66.018151,70.446554
1,base64-ng,decode,url-safe,unpadded,15,auto,x86_64,linux,10,76.933175,75.548071,81.074570
1,base64-ng,decode,url-safe,unpadded,15,avx2,x86_64,linux,10,76.864132,75.029207,82.241329
1,base64-ng,decode,url-safe,unpadded,15,avx512-vbmi,x86_64,linux,10,78.038915,75.555447,80.670842
1,base64-ng,decode,url-safe,unpadded,15,scalar,x86_64,linux,10,263.731158,259.199883,272.029177
1,base64-ng,decode,url-safe,unpadded,15,ssse3-sse4.1,x86_64,linux,10,80.525025,74.436440,82.776636
1,base64-ng,decode,url-safe,unpadded,16,auto,x86_64,linux,10,79.939621,74.164236,83.480083
1,base64-ng,decode,url-safe,unpadded,16,avx2,x86_64,linux,10,80.479930,74.483226,84.403973
1,base64-ng,decode,url-safe,unpadded,16,avx512-vbmi,x86_64,linux,10,79.283684,77.718135,83.472560
1,base64-ng,decode,url-safe,unpadded,16,scalar,x86_64,linux,10,256.456213,252.046206,267.102007
1,base64-ng,decode,url-safe,unpadded,16,ssse3-sse4.1,x86_64,linux,10,79.598972,76.724355,85.341555
1,base64-ng,decode,url-safe,unpadded,2,auto,x86_64,linux,10,118.905000,110.201975,129.544011
1,base64-ng,decode,url-safe,unpadded,2,avx2,x86_64,linux,10,138.282320,127.437164,148.399482
1,base64-ng,decode,url-safe,unpadded,2,avx512-vbmi,x86_64,linux,10,125.071947,117.963886,132.774781
1,base64-ng,decode,url-safe,unpadded,2,scalar,x86_64,linux,10,172.091320,161.533300,183.980217
1,base64-ng,decode,url-safe,unpadded,2,ssse3-sse4.1,x86_64,linux,10,146.183457,135.683613,156.535898
1,base64-ng,decode,url-safe,unpadded,23,auto,x86_64,linux,10,98.347229,95.994180,105.879662
1,base64-ng,decode,url-safe,unpadded,23,avx2,x86_64,linux,10,100.241009,95.136435,105.478030
1,base64-ng,decode,url-safe,unpadded,23,avx512-vbmi,x86_64,linux,10,101.840325,96.568100,105.295181
1,base64-ng,decode,url-safe,unpadded,23,scalar,x86_64,linux,10,265.208053,260.266612,276.201579
1,base64-ng,decode,url-safe,unpadded,23,ssse3-sse4.1,x86_64,linux,10,100.504520,97.878168,105.775761
1,base64-ng,decode,url-safe,unpadded,24,auto,x86_64,linux,10,100.899022,97.677504,105.058100
1,base64-ng,decode,url-safe,unpadded,24,avx2,x86_64,linux,10,98.999608,95.894417,104.336359
1,base64-ng,decode,url-safe,unpadded,24,avx512-vbmi,x86_64,linux,10,99.234708,94.916253,103.512486
1,base64-ng,decode,url-safe,unpadded,24,scalar,x86_64,linux,10,271.338484,261.841859,278.970051
1,base64-ng,decode,url-safe,unpadded,24,ssse3-sse4.1,x86_64,linux,10,70.700999,68.459020,73.925777
1,base64-ng,decode,url-safe,unpadded,3,auto,x86_64,linux,10,146.163946,139.005220,154.656170
1,base64-ng,decode,url-safe,unpadded,3,avx2,x86_64,linux,10,162.327028,134.814849,173.303726
1,base64-ng,decode,url-safe,unpadded,3,avx512-vbmi,x86_64,linux,10,154.260895,148.861462,159.697291
1,base64-ng,decode,url-safe,unpadded,3,scalar,x86_64,linux,10,195.130433,176.570503,203.306964
1,base64-ng,decode,url-safe,unpadded,3,ssse3-sse4.1,x86_64,linux,10,170.092108,159.569125,180.745570
1,base64-ng,decode,url-safe,unpadded,31,auto,x86_64,linux,10,112.337226,105.518490,116.816553
1,base64-ng,decode,url-safe,unpadded,31,avx2,x86_64,linux,10,114.432714,112.313335,119.792074
1,base64-ng,decode,url-safe,unpadded,31,avx512-vbmi,x86_64,linux,10,114.303786,108.841381,118.990872
1,base64-ng,decode,url-safe,unpadded,31,scalar,x86_64,linux,10,263.814808,249.552844,274.914186
1,base64-ng,decode,url-safe,unpadded,31,ssse3-sse4.1,x86_64,linux,10,84.930564,82.178053,87.423810
1,base64-ng,decode,url-safe,unpadded,32,auto,x86_64,linux,10,115.599512,112.400779,120.673916
1,base64-ng,decode,url-safe,unpadded,32,avx2,x86_64,linux,10,118.272713,114.472370,122.868670
1,base64-ng,decode,url-safe,unpadded,32,avx512-vbmi,x86_64,linux,10,116.593981,112.652726,122.332490
1,base64-ng,decode,url-safe,unpadded,32,scalar,x86_64,linux,10,266.735705,238.846809,281.952694
1,base64-ng,decode,url-safe,unpadded,32,ssse3-sse4.1,x86_64,linux,10,86.557175,84.529316,90.700953
1,base64-ng,decode,url-safe,unpadded,47,auto,x86_64,linux,10,99.625425,96.967226,103.648640
1,base64-ng,decode,url-safe,unpadded,47,avx2,x86_64,linux,10,100.578969,96.561964,104.055772
1,base64-ng,decode,url-safe,unpadded,47,avx512-vbmi,x86_64,linux,10,99.967988,98.228981,104.448454
1,base64-ng,decode,url-safe,unpadded,47,scalar,x86_64,linux,10,277.102386,268.736923,285.373953
1,base64-ng,decode,url-safe,unpadded,47,ssse3-sse4.1,x86_64,linux,10,87.016006,84.322344,89.771313
1,base64-ng,decode,url-safe,unpadded,48,auto,x86_64,linux,10,135.532067,132.415814,140.630542
1,base64-ng,decode,url-safe,unpadded,48,avx2,x86_64,linux,10,100.559247,96.324121,109.313049
1,base64-ng,decode,url-safe,unpadded,48,avx512-vbmi,x86_64,linux,10,134.520398,122.908296,141.499837
1,base64-ng,decode,url-safe,unpadded,48,scalar,x86_64,linux,10,272.974532,248.623119,285.192455
1,base64-ng,decode,url-safe,unpadded,48,ssse3-sse4.1,x86_64,linux,10,73.189920,65.749854,76.096807
1,base64-ng,decode,url-safe,unpadded,63,auto,x86_64,linux,10,113.773216,101.460276,119.027458
1,base64-ng,decode,url-safe,unpadded,63,avx2,x86_64,linux,10,95.340762,91.369721,99.775127
1,base64-ng,decode,url-safe,unpadded,63,avx512-vbmi,x86_64,linux,10,110.977814,104.114581,118.283144
1,base64-ng,decode,url-safe,unpadded,63,scalar,x86_64,linux,10,271.627675,260.655303,286.452304
1,base64-ng,decode,url-safe,unpadded,63,ssse3-sse4.1,x86_64,linux,10,75.634681,72.496104,79.546373
1,base64-ng,decode,url-safe,unpadded,64,auto,x86_64,linux,10,114.522171,110.737655,118.327207
1,base64-ng,decode,url-safe,unpadded,64,avx2,x86_64,linux,10,97.172275,87.513672,100.713692
1,base64-ng,decode,url-safe,unpadded,64,avx512-vbmi,x86_64,linux,10,115.477907,109.526383,119.887872
1,base64-ng,decode,url-safe,unpadded,64,scalar,x86_64,linux,10,273.779315,265.357446,281.578858
1,base64-ng,decode,url-safe,unpadded,64,ssse3-sse4.1,x86_64,linux,10,76.873255,74.645223,79.871796
1,base64-ng,decode,url-safe,unpadded,65536,auto,x86_64,linux,10,144.422191,135.673608,151.479405
1,base64-ng,decode,url-safe,unpadded,65536,avx2,x86_64,linux,10,110.860772,105.341604,115.445663
1,base64-ng,decode,url-safe,unpadded,65536,avx512-vbmi,x86_64,linux,10,145.315686,123.547018,150.495403
1,base64-ng,decode,url-safe,unpadded,65536,scalar,x86_64,linux,10,279.915594,252.680450,291.183969
1,base64-ng,decode,url-safe,unpadded,65536,ssse3-sse4.1,x86_64,linux,10,76.587451,70.459502,79.717499
1,base64-ng,encode,standard,padded,1,auto,x86_64,linux,10,142.408293,139.934995,144.557239
1,base64-ng,encode,standard,padded,1,avx2,x86_64,linux,10,105.165169,97.535319,111.011753
1,base64-ng,encode,standard,padded,1,avx512-vbmi,x86_64,linux,10,107.856922,104.115623,113.029377
1,base64-ng,encode,standard,padded,1,scalar,x86_64,linux,10,143.990777,131.570361,145.504117
1,base64-ng,encode,standard,padded,1,ssse3-sse4.1,x86_64,linux,10,111.354373,99.438775,116.432520
1,base64-ng,encode,standard,padded,1024,auto,x86_64,linux,10,1031.462061,1004.966292,1046.883911
1,base64-ng,encode,standard,padded,1024,avx2,x86_64,linux,10,594.795136,584.504522,607.316740
1,base64-ng,encode,standard,padded,1024,avx512-vbmi,x86_64,linux,10,1025.683324,913.238882,1074.162891
1,base64-ng,encode,standard,padded,1024,scalar,x86_64,linux,10,1992.013572,1978.085777,2031.180654
1,base64-ng,encode,standard,padded,1024,ssse3-sse4.1,x86_64,linux,10,325.113318,319.020123,327.146261
1,base64-ng,encode,standard,padded,11,auto,x86_64,linux,10,299.161573,288.155680,308.188102
1,base64-ng,encode,standard,padded,11,avx2,x86_64,linux,10,281.342706,275.049045,290.108389
1,base64-ng,encode,standard,padded,11,avx512-vbmi,x86_64,linux,10,281.933711,277.276547,286.081996
1,base64-ng,encode,standard,padded,11,scalar,x86_64,linux,10,294.171252,289.415681,306.878833
1,base64-ng,encode,standard,padded,11,ssse3-sse4.1,x86_64,linux,10,284.860910,277.105263,292.763958
1,base64-ng,encode,standard,padded,12,auto,x86_64,linux,10,295.227140,288.703497,305.516105
1,base64-ng,encode,standard,padded,12,avx2,x86_64,linux,10,287.810816,282.290535,296.369601
1,base64-ng,encode,standard,padded,12,avx512-vbmi,x86_64,linux,10,286.775996,280.419454,294.097147
1,base64-ng,encode,standard,padded,12,scalar,x86_64,linux,10,305.247997,293.410506,313.879029
1,base64-ng,encode,standard,padded,12,ssse3-sse4.1,x86_64,linux,10,204.317856,185.612519,214.380507
1,base64-ng,encode,standard,padded,15,auto,x86_64,linux,10,305.128639,297.090103,317.101715
1,base64-ng,encode,standard,padded,15,avx2,x86_64,linux,10,301.654611,294.697205,307.544275
1,base64-ng,encode,standard,padded,15,avx512-vbmi,x86_64,linux,10,303.734680,296.483193,308.577561
1,base64-ng,encode,standard,padded,15,scalar,x86_64,linux,10,308.845337,305.543223,321.691845
1,base64-ng,encode,standard,padded,15,ssse3-sse4.1,x86_64,linux,10,224.658407,215.029073,235.378879
1,base64-ng,encode,standard,padded,16,auto,x86_64,linux,10,314.149511,303.429428,316.846114
1,base64-ng,encode,standard,padded,16,avx2,x86_64,linux,10,305.214013,275.140310,311.358312
1,base64-ng,encode,standard,padded,16,avx512-vbmi,x86_64,linux,10,302.695469,293.654644,308.222189
1,base64-ng,encode,standard,padded,16,scalar,x86_64,linux,10,320.978084,294.759008,322.649911
1,base64-ng,encode,standard,padded,16,ssse3-sse4.1,x86_64,linux,10,237.903125,223.635087,240.125470
1,base64-ng,encode,standard,padded,2,auto,x86_64,linux,10,211.123716,208.337739,213.629350
1,base64-ng,encode,standard,padded,2,avx2,x86_64,linux,10,170.689658,148.054271,176.606383
1,base64-ng,encode,standard,padded,2,avx512-vbmi,x86_64,linux,10,168.362038,163.369242,174.282629
1,base64-ng,encode,standard,padded,2,scalar,x86_64,linux,10,213.962740,194.752254,218.074910
1,base64-ng,encode,standard,padded,2,ssse3-sse4.1,x86_64,linux,10,171.387244,168.462619,177.748366
1,base64-ng,encode,standard,padded,23,auto,x86_64,linux,10,317.970327,317.154087,327.926484
1,base64-ng,encode,standard,padded,23,avx2,x86_64,linux,10,310.701737,304.966491,329.232878
1,base64-ng,encode,standard,padded,23,avx512-vbmi,x86_64,linux,10,304.768598,283.062889,328.423676
1,base64-ng,encode,standard,padded,23,scalar,x86_64,linux,10,317.843100,296.373568,333.202222
1,base64-ng,encode,standard,padded,23,ssse3-sse4.1,x86_64,linux,10,259.146229,249.547231,267.755063
1,base64-ng,encode,standard,padded,24,auto,x86_64,linux,10,311.529656,307.773380,332.392692
1,base64-ng,encode,standard,padded,24,avx2,x86_64,linux,10,395.967414,363.262137,411.215149
1,base64-ng,encode,standard,padded,24,avx512-vbmi,x86_64,linux,10,317.469245,303.495150,329.620698
1,base64-ng,encode,standard,padded,24,scalar,x86_64,linux,10,324.960793,312.490336,339.093659
1,base64-ng,encode,standard,padded,24,ssse3-sse4.1,x86_64,linux,10,244.241811,235.660532,260.476756
1,base64-ng,encode,standard,padded,3,auto,x86_64,linux,10,209.390561,200.006473,218.352883
1,base64-ng,encode,standard,padded,3,avx2,x86_64,linux,10,185.637489,179.580879,186.920962
1,base64-ng,encode,standard,padded,3,avx512-vbmi,x86_64,linux,10,183.188587,177.402297,185.004915
1,base64-ng,encode,standard,padded,3,scalar,x86_64,linux,10,214.253925,204.797980,218.401609
1,base64-ng,encode,standard,padded,3,ssse3-sse4.1,x86_64,linux,10,185.580926,179.554954,186.198180
1,base64-ng,encode,standard,padded,31,auto,x86_64,linux,10,324.689866,315.365139,335.431728
1,base64-ng,encode,standard,padded,31,avx2,x86_64,linux,10,379.970459,366.656701,394.842930
1,base64-ng,encode,standard,padded,31,avx512-vbmi,x86_64,linux,10,316.960637,303.417837,333.206730
1,base64-ng,encode,standard,padded,31,scalar,x86_64,linux,10,330.323147,316.650520,342.873705
1,base64-ng,encode,standard,padded,31,ssse3-sse4.1,x86_64,linux,10,260.676921,253.351732,276.258532
1,base64-ng,encode,standard,padded,32,auto,x86_64,linux,10,328.738269,317.448728,343.999615
1,base64-ng,encode,standard,padded,32,avx2,x86_64,linux,10,385.288236,359.342385,401.928291
1,base64-ng,encode,standard,padded,32,avx512-vbmi,x86_64,linux,10,323.311303,312.933633,338.868439
1,base64-ng,encode,standard,padded,32,scalar,x86_64,linux,10,331.272008,317.303655,342.606316
1,base64-ng,encode,standard,padded,32,ssse3-sse4.1,x86_64,linux,10,270.503931,253.853126,283.608090
1,base64-ng,encode,standard,padded,47,auto,x86_64,linux,10,325.939997,312.283688,349.331233
1,base64-ng,encode,standard,padded,47,avx2,x86_64,linux,10,366.377287,337.391141,386.167918
1,base64-ng,encode,standard,padded,47,avx512-vbmi,x86_64,linux,10,322.455350,284.808405,342.691972
1,base64-ng,encode,standard,padded,47,scalar,x86_64,linux,10,326.175297,322.526597,350.893376
1,base64-ng,encode,standard,padded,47,ssse3-sse4.1,x86_64,linux,10,278.634427,228.921181,293.540495
1,base64-ng,encode,standard,padded,48,auto,x86_64,linux,10,621.268614,457.469446,649.876091
1,base64-ng,encode,standard,padded,48,avx2,x86_64,linux,10,457.248489,403.472656,463.596335
1,base64-ng,encode,standard,padded,48,avx512-vbmi,x86_64,linux,10,751.469408,717.225150,771.573865
1,base64-ng,encode,standard,padded,48,scalar,x86_64,linux,10,330.538499,317.351887,349.198995
1,base64-ng,encode,standard,padded,48,ssse3-sse4.1,x86_64,linux,10,262.598116,229.801280,276.674133
1,base64-ng,encode,standard,padded,63,auto,x86_64,linux,10,533.273522,518.981865,549.090639
1,base64-ng,encode,standard,padded,63,avx2,x86_64,linux,10,432.178149,429.427345,457.668190
1,base64-ng,encode,standard,padded,63,avx512-vbmi,x86_64,linux,10,597.380884,589.750096,608.828649
1,base64-ng,encode,standard,padded,63,scalar,x86_64,linux,10,904.476448,867.071144,944.450234
1,base64-ng,encode,standard,padded,63,ssse3-sse4.1,x86_64,linux,10,279.349536,275.284552,291.962635
1,base64-ng,encode,standard,padded,64,auto,x86_64,linux,10,533.854405,508.843833,543.952519
1,base64-ng,encode,standard,padded,64,avx2,x86_64,linux,10,447.753439,432.597661,456.785520
1,base64-ng,encode,standard,padded,64,avx512-vbmi,x86_64,linux,10,593.974885,577.977218,601.389721
1,base64-ng,encode,standard,padded,64,scalar,x86_64,linux,10,904.091807,864.399304,911.787313
1,base64-ng,encode,standard,padded,64,ssse3-sse4.1,x86_64,linux,10,293.839394,286.554956,297.177505
1,base64-ng,encode,standard,padded,65536,auto,x86_64,linux,10,1122.744935,974.781192,1130.130900
1,base64-ng,encode,standard,padded,65536,avx2,x86_64,linux,10,607.966013,596.779064,616.041126
1,base64-ng,encode,standard,padded,65536,avx512-vbmi,x86_64,linux,10,1113.206390,1086.942640,1143.456314
1,base64-ng,encode,standard,padded,65536,scalar,x86_64,linux,10,2167.642744,2116.629458,2200.046971
1,base64-ng,encode,standard,padded,65536,ssse3-sse4.1,x86_64,linux,10,324.886557,316.228482,332.332790
1,base64-ng,encode,standard,unpadded,1,auto,x86_64,linux,10,111.809748,110.543198,112.259725
1,base64-ng,encode,standard,unpadded,1,avx2,x86_64,linux,10,116.270876,112.015311,121.449385
1,base64-ng,encode,standard,unpadded,1,avx512-vbmi,x86_64,linux,10,109.105409,95.290387,113.555449
1,base64-ng,encode,standard,unpadded,1,scalar,x86_64,linux,10,151.796064,149.965384,154.140259
1,base64-ng,encode,standard,unpadded,1,ssse3-sse4.1,x86_64,linux,10,114.626509,100.108873,120.001600
1,base64-ng,encode,standard,unpadded,1024,auto,x86_64,linux,10,1052.897425,1040.174396,1058.022482
1,base64-ng,encode,standard,unpadded,1024,avx2,x86_64,linux,10,597.906850,585.481722,607.453515
1,base64-ng,encode,standard,unpadded,1024,avx512-vbmi,x86_64,linux,10,999.836114,930.374711,1059.946605
1,base64-ng,encode,standard,unpadded,1024,scalar,x86_64,linux,10,2005.167892,1985.997723,2029.013884
1,base64-ng,encode,standard,unpadded,1024,ssse3-sse4.1,x86_64,linux,10,325.806953,320.339124,332.998614
1,base64-ng,encode,standard,unpadded,11,auto,x86_64,linux,10,307.744082,291.567523,311.675709
1,base64-ng,encode,standard,unpadded,11,avx2,x86_64,linux,10,292.345560,281.900881,299.250122
1,base64-ng,encode,standard,unpadded,11,avx512-vbmi,x86_64,linux,10,290.287634,282.364006,292.830527
1,base64-ng,encode,standard,unpadded,11,scalar,x86_64,linux,10,306.276787,259.130064,313.322344
1,base64-ng,encode,standard,unpadded,11,ssse3-sse4.1,x86_64,linux,10,288.595084,254.565230,297.466401
1,base64-ng,encode,standard,unpadded,12,auto,x86_64,linux,10,304.395476,295.429028,304.953020
1,base64-ng,encode,standard,unpadded,12,avx2,x86_64,linux,10,298.812796,293.741658,304.672592
1,base64-ng,encode,standard,unpadded,12,avx512-vbmi,x86_64,linux,10,299.429695,296.042842,302.744402
1,base64-ng,encode,standard,unpadded,12,scalar,x86_64,linux,10,315.088458,304.951369,320.391777
1,base64-ng,encode,standard,unpadded,12,ssse3-sse4.1,x86_64,linux,10,209.206374,198.344781,213.882769
1,base64-ng,encode,standard,unpadded,15,auto,x86_64,linux,10,315.613645,293.761764,318.993564
1,base64-ng,encode,standard,unpadded,15,avx2,x86_64,linux,10,314.874611,310.800087,316.781675
1,base64-ng,encode,standard,unpadded,15,avx512-vbmi,x86_64,linux,10,310.403717,259.987625,313.139510
1,base64-ng,encode,standard,unpadded,15,scalar,x86_64,linux,10,325.551390,322.498699,327.653631
1,base64-ng,encode,standard,unpadded,15,ssse3-sse4.1,x86_64,linux,10,231.254043,223.331397,232.930919
1,base64-ng,encode,standard,unpadded,16,auto,x86_64,linux,10,318.232237,309.952721,322.866199
1,base64-ng,encode,standard,unpadded,16,avx2,x86_64,linux,10,313.003692,306.268255,318.579746
1,base64-ng,encode,standard,unpadded,16,avx512-vbmi,x86_64,linux,10,312.188220,282.561325,315.279559
1,base64-ng,encode,standard,unpadded,16,scalar,x86_64,linux,10,325.195347,324.679225,328.476426
1,base64-ng,encode,standard,unpadded,16,ssse3-sse4.1,x86_64,linux,10,236.809082,234.804633,237.806261
1,base64-ng,encode,standard,unpadded,2,auto,x86_64,linux,10,188.497757,164.175333,189.227076
1,base64-ng,encode,standard,unpadded,2,avx2,x86_64,linux,10,175.497613,165.374451,184.561691
1,base64-ng,encode,standard,unpadded,2,avx512-vbmi,x86_64,linux,10,170.708750,163.234924,177.067336
1,base64-ng,encode,standard,unpadded,2,scalar,x86_64,linux,10,217.963382,216.111280,221.003486
1,base64-ng,encode,standard,unpadded,2,ssse3-sse4.1,x86_64,linux,10,175.113012,142.754217,182.594382
1,base64-ng,encode,standard,unpadded,23,auto,x86_64,linux,10,332.611653,330.930314,335.024962
1,base64-ng,encode,standard,unpadded,23,avx2,x86_64,linux,10,325.367443,322.901126,329.934026
1,base64-ng,encode,standard,unpadded,23,avx512-vbmi,x86_64,linux,10,321.406492,298.850244,326.489117
1,base64-ng,encode,standard,unpadded,23,scalar,x86_64,linux,10,337.293565,324.342323,340.987485
1,base64-ng,encode,standard,unpadded,23,ssse3-sse4.1,x86_64,linux,10,265.514198,241.913571,267.130555
1,base64-ng,encode,standard,unpadded,24,auto,x86_64,linux,10,329.387158,321.871686,331.636130
1,base64-ng,encode,standard,unpadded,24,avx2,x86_64,linux,10,406.903241,397.597818,414.112119
1,base64-ng,encode,standard,unpadded,24,avx512-vbmi,x86_64,linux,10,329.247661,300.597721,330.592907
1,base64-ng,encode,standard,unpadded,24,scalar,x86_64,linux,10,341.572003,338.046258,342.728829
1,base64-ng,encode,standard,unpadded,24,ssse3-sse4.1,x86_64,linux,10,247.114838,227.101831,248.483869
1,base64-ng,encode,standard,unpadded,3,auto,x86_64,linux,10,215.717412,211.555617,218.334624
1,base64-ng,encode,standard,unpadded,3,avx2,x86_64,linux,10,187.139011,182.396551,198.062917
1,base64-ng,encode,standard,unpadded,3,avx512-vbmi,x86_64,linux,10,179.323545,163.495322,191.018720
1,base64-ng,encode,standard,unpadded,3,scalar,x86_64,linux,10,219.213487,207.134997,223.028641
1,base64-ng,encode,standard,unpadded,3,ssse3-sse4.1,x86_64,linux,10,186.710114,183.625455,197.909063
1,base64-ng,encode,standard,unpadded,31,auto,x86_64,linux,10,341.071898,337.956514,341.710154
1,base64-ng,encode,standard,unpadded,31,avx2,x86_64,linux,10,398.889072,391.669014,402.325179
1,base64-ng,encode,standard,unpadded,31,avx512-vbmi,x86_64,linux,10,337.191166,330.790805,339.605760
1,base64-ng,encode,standard,unpadded,31,scalar,x86_64,linux,10,345.774074,344.052960,348.344455
1,base64-ng,encode,standard,unpadded,31,ssse3-sse4.1,x86_64,linux,10,268.338624,238.665535,276.284330
1,base64-ng,encode,standard,unpadded,32,auto,x86_64,linux,10,342.829359,329.937942,344.138094
1,base64-ng,encode,standard,unpadded,32,avx2,x86_64,linux,10,395.262345,372.198935,401.277064
1,base64-ng,encode,standard,unpadded,32,avx512-vbmi,x86_64,linux,10,339.551326,336.958530,340.170014
1,base64-ng,encode,standard,unpadded,32,scalar,x86_64,linux,10,348.218855,343.166718,350.147565
1,base64-ng,encode,standard,unpadded,32,ssse3-sse4.1,x86_64,linux,10,268.937705,265.281631,279.556143
1,base64-ng,encode,standard,unpadded,47,auto,x86_64,linux,10,349.475834,289.591061,351.021075
1,base64-ng,encode,standard,unpadded,47,avx2,x86_64,linux,10,386.688906,373.470372,391.008886
1,base64-ng,encode,standard,unpadded,47,avx512-vbmi,x86_64,linux,10,346.981690,343.859309,348.937359
1,base64-ng,encode,standard,unpadded,47,scalar,x86_64,linux,10,353.565796,352.916653,354.068730
1,base64-ng,encode,standard,unpadded,47,ssse3-sse4.1,x86_64,linux,10,277.028489,259.341594,285.030451
1,base64-ng,encode,standard,unpadded,48,auto,x86_64,linux,10,648.358934,611.839529,660.940161
1,base64-ng,encode,standard,unpadded,48,avx2,x86_64,linux,10,484.214226,480.020999,489.284595
1,base64-ng,encode,standard,unpadded,48,avx512-vbmi,x86_64,linux,10,715.336509,644.929359,757.360147
1,base64-ng,encode,standard,unpadded,48,scalar,x86_64,linux,10,344.912517,340.011705,354.666084
1,base64-ng,encode,standard,unpadded,48,ssse3-sse4.1,x86_64,linux,10,273.803222,269.880083,277.138318
1,base64-ng,encode,standard,unpadded,63,auto,x86_64,linux,10,544.777808,539.875453,548.028623
1,base64-ng,encode,standard,unpadded,63,avx2,x86_64,linux,10,454.610471,450.011238,459.755731
1,base64-ng,encode,standard,unpadded,63,avx512-vbmi,x86_64,linux,10,608.806348,594.627659,610.872432
1,base64-ng,encode,standard,unpadded,63,scalar,x86_64,linux,10,929.777688,902.729150,934.272672
1,base64-ng,encode,standard,unpadded,63,ssse3-sse4.1,x86_64,linux,10,293.124595,291.726683,294.984191
1,base64-ng,encode,standard,unpadded,64,auto,x86_64,linux,10,536.723009,456.067008,543.225690
1,base64-ng,encode,standard,unpadded,64,avx2,x86_64,linux,10,452.945149,446.850436,456.070648
1,base64-ng,encode,standard,unpadded,64,avx512-vbmi,x86_64,linux,10,600.911033,598.040431,604.505653
1,base64-ng,encode,standard,unpadded,64,scalar,x86_64,linux,10,922.933442,917.783782,927.277992
1,base64-ng,encode,standard,unpadded,64,ssse3-sse4.1,x86_64,linux,10,294.193687,279.394951,295.338590
1,base64-ng,encode,standard,unpadded,65536,auto,x86_64,linux,10,1131.926140,1109.386016,1142.043355
1,base64-ng,encode,standard,unpadded,65536,avx2,x86_64,linux,10,624.693750,596.469645,627.229113
1,base64-ng,encode,standard,unpadded,65536,avx512-vbmi,x86_64,linux,10,1119.782727,1082.193108,1147.389989
1,base64-ng,encode,standard,unpadded,65536,scalar,x86_64,linux,10,2173.268883,2128.045566,2195.559591
1,base64-ng,encode,standard,unpadded,65536,ssse3-sse4.1,x86_64,linux,10,331.337788,326.288014,336.256156
1,base64-ng,encode,url-safe,padded,1,auto,x86_64,linux,10,111.210364,103.720428,112.045207
1,base64-ng,encode,url-safe,padded,1,avx2,x86_64,linux,10,111.763744,101.307993,117.846299
1,base64-ng,encode,url-safe,padded,1,avx512-vbmi,x86_64,linux,10,108.094351,103.188887,113.820782
1,base64-ng,encode,url-safe,padded,1,scalar,x86_64,linux,10,147.628617,145.207924,149.151746
1,base64-ng,encode,url-safe,padded,1,ssse3-sse4.1,x86_64,linux,10,115.034301,111.341684,119.587160
1,base64-ng,encode,url-safe,padded,1024,auto,x86_64,linux,10,1041.601232,1023.185381,1050.619366
1,base64-ng,encode,url-safe,padded,1024,avx2,x86_64,linux,10,601.847175,576.730621,610.289263
1,base64-ng,encode,url-safe,padded,1024,avx512-vbmi,x86_64,linux,10,1028.927471,1014.746551,1053.310965
1,base64-ng,encode,url-safe,padded,1024,scalar,x86_64,linux,10,2001.378012,1978.792294,2050.575391
1,base64-ng,encode,url-safe,padded,1024,ssse3-sse4.1,x86_64,linux,10,325.168207,322.065341,329.394028
1,base64-ng,encode,url-safe,padded,11,auto,x86_64,linux,10,305.790616,295.882436,306.563554
1,base64-ng,encode,url-safe,padded,11,avx2,x86_64,linux,10,289.958401,285.849342,296.612268
1,base64-ng,encode,url-safe,padded,11,avx512-vbmi,x86_64,linux,10,287.328585,284.476945,292.848364
1,base64-ng,encode,url-safe,padded,11,scalar,x86_64,linux,10,308.765505,303.620902,311.672309
1,base64-ng,encode,url-safe,padded,11,ssse3-sse4.1,x86_64,linux,10,289.167272,278.317604,300.135097
1,base64-ng,encode,url-safe,padded,12,auto,x86_64,linux,10,302.316227,298.051537,303.784227
1,base64-ng,encode,url-safe,padded,12,avx2,x86_64,linux,10,295.575028,272.654672,303.007266
1,base64-ng,encode,url-safe,padded,12,avx512-vbmi,x86_64,linux,10,291.173613,283.736391,301.229755
1,base64-ng,encode,url-safe,padded,12,scalar,x86_64,linux,10,313.892504,310.088449,314.837419
1,base64-ng,encode,url-safe,padded,12,ssse3-sse4.1,x86_64,linux,10,211.567934,204.678661,213.616014
1,base64-ng,encode,url-safe,padded,15,auto,x86_64,linux,10,312.570933,308.850679,316.429935
1,base64-ng,encode,url-safe,padded,15,avx2,x86_64,linux,10,308.509076,289.987034,312.284470
1,base64-ng,encode,url-safe,padded,15,avx512-vbmi,x86_64,linux,10,306.802142,305.848898,313.262840
1,base64-ng,encode,url-safe,padded,15,scalar,x86_64,linux,10,315.253396,296.846697,323.311177
1,base64-ng,encode,url-safe,padded,15,ssse3-sse4.1,x86_64,linux,10,230.171849,217.817973,233.745057
1,base64-ng,encode,url-safe,padded,16,auto,x86_64,linux,10,314.351645,304.870148,315.833474
1,base64-ng,encode,url-safe,padded,16,avx2,x86_64,linux,10,308.684669,296.394985,310.949721
1,base64-ng,encode,url-safe,padded,16,avx512-vbmi,x86_64,linux,10,308.239882,306.199421,310.871978
1,base64-ng,encode,url-safe,padded,16,scalar,x86_64,linux,10,320.970231,309.596996,322.826514
1,base64-ng,encode,url-safe,padded,16,ssse3-sse4.1,x86_64,linux,10,235.203935,208.903848,238.480995
1,base64-ng,encode,url-safe,padded,2,auto,x86_64,linux,10,189.289309,186.851974,192.054439
1,base64-ng,encode,url-safe,padded,2,avx2,x86_64,linux,10,176.888916,156.792127,185.089530
1,base64-ng,encode,url-safe,padded,2,avx512-vbmi,x86_64,linux,10,170.567956,161.810033,180.537930
1,base64-ng,encode,url-safe,padded,2,scalar,x86_64,linux,10,218.698093,215.859360,221.806852
1,base64-ng,encode,url-safe,padded,2,ssse3-sse4.1,x86_64,linux,10,174.549356,149.281126,183.385116
1,base64-ng,encode,url-safe,padded,23,auto,x86_64,linux,10,329.142777,277.058533,333.863401
1,base64-ng,encode,url-safe,padded,23,avx2,x86_64,linux,10,319.598295,297.289635,324.652743
1,base64-ng,encode,url-safe,padded,23,avx512-vbmi,x86_64,linux,10,316.726705,296.812459,321.860147
1,base64-ng,encode,url-safe,padded,23,scalar,x86_64,linux,10,334.178340,325.255242,336.842734
1,base64-ng,encode,url-safe,padded,23,ssse3-sse4.1,x86_64,linux,10,265.033632,259.995432,267.571852
1,base64-ng,encode,url-safe,padded,24,auto,x86_64,linux,10,325.897539,317.860468,330.287690
1,base64-ng,encode,url-safe,padded,24,avx2,x86_64,linux,10,402.387919,374.074372,407.968672
1,base64-ng,encode,url-safe,padded,24,avx512-vbmi,x86_64,linux,10,322.748164,313.258043,327.943378
1,base64-ng,encode,url-safe,padded,24,scalar,x86_64,linux,10,330.556718,321.024362,333.545642
1,base64-ng,encode,url-safe,padded,24,ssse3-sse4.1,x86_64,linux,10,253.690209,251.017424,259.382517
1,base64-ng,encode,url-safe,padded,3,auto,x86_64,linux,10,213.119061,193.826961,216.193610
1,base64-ng,encode,url-safe,padded,3,avx2,x86_64,linux,10,189.102757,183.294064,195.528403
1,base64-ng,encode,url-safe,padded,3,avx512-vbmi,x86_64,linux,10,187.125048,182.950527,193.716459
1,base64-ng,encode,url-safe,padded,3,scalar,x86_64,linux,10,217.558721,213.709811,220.579866
1,base64-ng,encode,url-safe,padded,3,ssse3-sse4.1,x86_64,linux,10,189.918836,164.428312,195.381619
1,base64-ng,encode,url-safe,padded,31,auto,x86_64,linux,10,336.822084,332.553648,339.575690
1,base64-ng,encode,url-safe,padded,31,avx2,x86_64,linux,10,391.902368,385.657591,396.217524
1,base64-ng,encode,url-safe,padded,31,avx512-vbmi,x86_64,linux,10,335.012279,331.670709,337.078548
1,base64-ng,encode,url-safe,padded,31,scalar,x86_64,linux,10,338.174857,334.825500,340.262750
1,base64-ng,encode,url-safe,padded,31,ssse3-sse4.1,x86_64,linux,10,276.480043,274.308068,277.602353
1,base64-ng,encode,url-safe,padded,32,auto,x86_64,linux,10,338.791633,335.977137,341.469061
1,base64-ng,encode,url-safe,padded,32,avx2,x86_64,linux,10,396.698111,384.073398,400.783211
1,base64-ng,encode,url-safe,padded,32,avx512-vbmi,x86_64,linux,10,334.122328,304.346787,338.182990
1,base64-ng,encode,url-safe,padded,32,scalar,x86_64,linux,10,340.421458,330.378047,343.715932
1,base64-ng,encode,url-safe,padded,32,ssse3-sse4.1,x86_64,linux,10,279.946258,263.361445,286.448474
1,base64-ng,encode,url-safe,padded,47,auto,x86_64,linux,10,344.067176,338.977262,348.065200
1,base64-ng,encode,url-safe,padded,47,avx2,x86_64,linux,10,387.745380,384.955906,391.231887
1,base64-ng,encode,url-safe,padded,47,avx512-vbmi,x86_64,linux,10,342.025403,331.066819,345.816736
1,base64-ng,encode,url-safe,padded,47,scalar,x86_64,linux,10,347.111491,339.013806,351.225826
1,base64-ng,encode,url-safe,padded,47,ssse3-sse4.1,x86_64,linux,10,275.156121,271.539639,291.548239
1,base64-ng,encode,url-safe,padded,48,auto,x86_64,linux,10,649.026492,630.383951,658.702496
1,base64-ng,encode,url-safe,padded,48,avx2,x86_64,linux,10,480.171091,475.203461,488.709633
1,base64-ng,encode,url-safe,padded,48,avx512-vbmi,x86_64,linux,10,756.680909,742.955086,773.787078
1,base64-ng,encode,url-safe,padded,48,scalar,x86_64,linux,10,346.516434,302.294937,351.352276
1,base64-ng,encode,url-safe,padded,48,ssse3-sse4.1,x86_64,linux,10,274.314713,271.134635,281.710492
1,base64-ng,encode,url-safe,padded,63,auto,x86_64,linux,10,538.071574,530.376958,543.705268
1,base64-ng,encode,url-safe,padded,63,avx2,x86_64,linux,10,452.312640,449.501539,459.092334
1,base64-ng,encode,url-safe,padded,63,avx512-vbmi,x86_64,linux,10,606.536175,583.809150,610.700544
1,base64-ng,encode,url-safe,padded,63,scalar,x86_64,linux,10,936.978107,904.442717,949.014194
1,base64-ng,encode,url-safe,padded,63,ssse3-sse4.1,x86_64,linux,10,284.777894,273.537308,296.371191
1,base64-ng,encode,url-safe,padded,64,auto,x86_64,linux,10,540.328610,528.218349,545.353878
1,base64-ng,encode,url-safe,padded,64,avx2,x86_64,linux,10,453.200703,422.196785,458.164695
1,base64-ng,encode,url-safe,padded,64,avx512-vbmi,x86_64,linux,10,589.425649,531.408924,600.430118
1,base64-ng,encode,url-safe,padded,64,scalar,x86_64,linux,10,888.590864,870.868301,908.372469
1,base64-ng,encode,url-safe,padded,64,ssse3-sse4.1,x86_64,linux,10,290.724024,285.099448,294.980965
1,base64-ng,encode,url-safe,padded,65536,auto,x86_64,linux,10,1117.464169,1089.615123,1129.433981
1,base64-ng,encode,url-safe,padded,65536,avx2,x86_64,linux,10,625.193415,613.723784,637.104082
1,base64-ng,encode,url-safe,padded,65536,avx512-vbmi,x86_64,linux,10,1102.811220,841.042363,1134.759499
1,base64-ng,encode,url-safe,padded,65536,scalar,x86_64,linux,10,2187.411535,2167.206482,2206.564198
1,base64-ng,encode,url-safe,padded,65536,ssse3-sse4.1,x86_64,linux,10,330.369012,323.686321,334.858138
1,base64-ng,encode,url-safe,unpadded,1,auto,x86_64,linux,10,111.898322,110.041786,112.704051
1,base64-ng,encode,url-safe,unpadded,1,avx2,x86_64,linux,10,114.311441,108.880841,120.188617
1,base64-ng,encode,url-safe,unpadded,1,avx512-vbmi,x86_64,linux,10,102.754118,93.344931,115.137932
1,base64-ng,encode,url-safe,unpadded,1,scalar,x86_64,linux,10,150.084004,149.202351,151.538164
1,base64-ng,encode,url-safe,unpadded,1,ssse3-sse4.1,x86_64,linux,10,115.823327,106.098820,120.437808
1,base64-ng,encode,url-safe,unpadded,1024,auto,x86_64,linux,10,1009.898441,980.064748,1044.637900
1,base64-ng,encode,url-safe,unpadded,1024,avx2,x86_64,linux,10,584.103194,570.752311,604.677818
1,base64-ng,encode,url-safe,unpadded,1024,avx512-vbmi,x86_64,linux,10,1022.198979,1004.271417,1071.125405
1,base64-ng,encode,url-safe,unpadded,1024,scalar,x86_64,linux,10,1978.766603,1921.342173,2046.969768
1,base64-ng,encode,url-safe,unpadded,1024,ssse3-sse4.1,x86_64,linux,10,321.721590,313.149148,333.406266
1,base64-ng,encode,url-safe,unpadded,11,auto,x86_64,linux,10,302.116433,292.156822,312.221922
1,base64-ng,encode,url-safe,unpadded,11,avx2,x86_64,linux,10,289.020541,269.315036,301.489767
1,base64-ng,encode,url-safe,unpadded,11,avx512-vbmi,x86_64,linux,10,279.788537,271.006381,295.030377
1,base64-ng,encode,url-safe,unpadded,11,scalar,x86_64,linux,10,304.397807,295.358437,314.997162
1,base64-ng,encode,url-safe,unpadded,11,ssse3-sse4.1,x86_64,linux,10,286.239619,269.324483,298.969756
1,base64-ng,encode,url-safe,unpadded,12,auto,x86_64,linux,10,298.007091,286.361702,310.218794
1,base64-ng,encode,url-safe,unpadded,12,avx2,x86_64,linux,10,289.464068,265.277156,303.412544
1,base64-ng,encode,url-safe,unpadded,12,avx512-vbmi,x86_64,linux,10,278.261983,272.079784,297.121064
1,base64-ng,encode,url-safe,unpadded,12,scalar,x86_64,linux,10,301.317914,294.139427,315.067527
1,base64-ng,encode,url-safe,unpadded,12,ssse3-sse4.1,x86_64,linux,10,204.066299,198.539186,210.364400
1,base64-ng,encode,url-safe,unpadded,15,auto,x86_64,linux,10,304.415299,298.004618,320.531213
1,base64-ng,encode,url-safe,unpadded,15,avx2,x86_64,linux,10,299.306226,287.722087,314.425830
1,base64-ng,encode,url-safe,unpadded,15,avx512-vbmi,x86_64,linux,10,299.000441,287.922129,312.123325
1,base64-ng,encode,url-safe,unpadded,15,scalar,x86_64,linux,10,315.468994,284.759601,325.235386
1,base64-ng,encode,url-safe,unpadded,15,ssse3-sse4.1,x86_64,linux,10,227.607574,224.437193,233.022133
1,base64-ng,encode,url-safe,unpadded,16,auto,x86_64,linux,10,308.443456,295.290123,321.782391
1,base64-ng,encode,url-safe,unpadded,16,avx2,x86_64,linux,10,306.966468,287.588893,317.749873
1,base64-ng,encode,url-safe,unpadded,16,avx512-vbmi,x86_64,linux,10,298.968113,288.419704,310.284664
1,base64-ng,encode,url-safe,unpadded,16,scalar,x86_64,linux,10,316.839792,306.982493,326.561856
1,base64-ng,encode,url-safe,unpadded,16,ssse3-sse4.1,x86_64,linux,10,230.650121,221.048394,238.943859
1,base64-ng,encode,url-safe,unpadded,2,auto,x86_64,linux,10,183.610914,178.862487,189.426748
1,base64-ng,encode,url-safe,unpadded,2,avx2,x86_64,linux,10,172.132994,148.639484,183.420577
1,base64-ng,encode,url-safe,unpadded,2,avx512-vbmi,x86_64,linux,10,167.007119,157.161586,177.302057
1,base64-ng,encode,url-safe,unpadded,2,scalar,x86_64,linux,10,216.417866,207.894470,222.487539
1,base64-ng,encode,url-safe,unpadded,2,ssse3-sse4.1,x86_64,linux,10,172.153863,162.085213,182.641913
1,base64-ng,encode,url-safe,unpadded,23,auto,x86_64,linux,10,315.354221,310.990576,334.045550
1,base64-ng,encode,url-safe,unpadded,23,avx2,x86_64,linux,10,310.210299,267.819548,328.914480
1,base64-ng,encode,url-safe,unpadded,23,avx512-vbmi,x86_64,linux,10,307.657886,301.678847,331.461106
1,base64-ng,encode,url-safe,unpadded,23,scalar,x86_64,linux,10,329.523501,314.558366,337.283803
1,base64-ng,encode,url-safe,unpadded,23,ssse3-sse4.1,x86_64,linux,10,255.551531,251.341160,265.243501
1,base64-ng,encode,url-safe,unpadded,24,auto,x86_64,linux,10,322.753943,267.390795,335.085059
1,base64-ng,encode,url-safe,unpadded,24,avx2,x86_64,linux,10,390.155957,376.365470,408.731722
1,base64-ng,encode,url-safe,unpadded,24,avx512-vbmi,x86_64,linux,10,313.054538,308.239349,324.583745
1,base64-ng,encode,url-safe,unpadded,24,scalar,x86_64,linux,10,320.851106,316.507073,337.106616
1,base64-ng,encode,url-safe,unpadded,24,ssse3-sse4.1,x86_64,linux,10,243.355255,236.462401,259.289704
1,base64-ng,encode,url-safe,unpadded,3,auto,x86_64,linux,10,212.693097,203.857569,219.530482
1,base64-ng,encode,url-safe,unpadded,3,avx2,x86_64,linux,10,188.067882,176.507112,198.384340
1,base64-ng,encode,url-safe,unpadded,3,avx512-vbmi,x86_64,linux,10,181.833077,172.893434,190.939984
1,base64-ng,encode,url-safe,unpadded,3,scalar,x86_64,linux,10,214.924301,206.808181,222.350070
1,base64-ng,encode,url-safe,unpadded,3,ssse3-sse4.1,x86_64,linux,10,178.507667,166.642214,197.167532
1,base64-ng,encode,url-safe,unpadded,31,auto,x86_64,linux,10,326.179431,317.602709,334.163021
1,base64-ng,encode,url-safe,unpadded,31,avx2,x86_64,linux,10,385.767674,369.964290,397.792665
1,base64-ng,encode,url-safe,unpadded,31,avx512-vbmi,x86_64,linux,10,326.368763,317.887220,338.381298
1,base64-ng,encode,url-safe,unpadded,31,scalar,x86_64,linux,10,331.174559,324.210646,339.950434
1,base64-ng,encode,url-safe,unpadded,31,ssse3-sse4.1,x86_64,linux,10,266.239007,257.852282,276.572578
1,base64-ng,encode,url-safe,unpadded,32,auto,x86_64,linux,10,334.489275,282.358296,342.275861
1,base64-ng,encode,url-safe,unpadded,32,avx2,x86_64,linux,10,368.297213,330.377774,392.186469
1,base64-ng,encode,url-safe,unpadded,32,avx512-vbmi,x86_64,linux,10,328.960506,317.269352,339.251404
1,base64-ng,encode,url-safe,unpadded,32,scalar,x86_64,linux,10,338.151908,326.741167,349.683545
1,base64-ng,encode,url-safe,unpadded,32,ssse3-sse4.1,x86_64,linux,10,271.366334,259.826120,283.022840
1,base64-ng,encode,url-safe,unpadded,47,auto,x86_64,linux,10,333.730602,328.590819,348.894688
1,base64-ng,encode,url-safe,unpadded,47,avx2,x86_64,linux,10,373.643057,369.183582,387.929948
1,base64-ng,encode,url-safe,unpadded,47,avx512-vbmi,x86_64,linux,10,341.691316,302.325502,348.785836
1,base64-ng,encode,url-safe,unpadded,47,scalar,x86_64,linux,10,342.723378,331.880885,354.423305
1,base64-ng,encode,url-safe,unpadded,47,ssse3-sse4.1,x86_64,linux,10,267.095510,239.878673,278.763631
1,base64-ng,encode,url-safe,unpadded,48,auto,x86_64,linux,10,637.613865,622.671161,649.425661
1,base64-ng,encode,url-safe,unpadded,48,avx2,x86_64,linux,10,465.524578,305.425488,492.272128
1,base64-ng,encode,url-safe,unpadded,48,avx512-vbmi,x86_64,linux,10,741.990835,679.001582,771.545439
1,base64-ng,encode,url-safe,unpadded,48,scalar,x86_64,linux,10,341.281228,311.167860,354.515830
1,base64-ng,encode,url-safe,unpadded,48,ssse3-sse4.1,x86_64,linux,10,269.263280,234.036650,282.812829
1,base64-ng,encode,url-safe,unpadded,63,auto,x86_64,linux,10,513.612467,486.260918,545.456060
1,base64-ng,encode,url-safe,unpadded,63,avx2,x86_64,linux,10,433.787409,410.580783,460.697434
1,base64-ng,encode,url-safe,unpadded,63,avx512-vbmi,x86_64,linux,10,583.099152,572.690565,607.592557
1,base64-ng,encode,url-safe,unpadded,63,scalar,x86_64,linux,10,910.071826,871.715036,944.059258
1,base64-ng,encode,url-safe,unpadded,63,ssse3-sse4.1,x86_64,linux,10,278.900706,271.827084,294.931012
1,base64-ng,encode,url-safe,unpadded,64,auto,x86_64,linux,10,522.357116,508.350741,541.245476
1,base64-ng,encode,url-safe,unpadded,64,avx2,x86_64,linux,10,428.259728,415.459066,457.667318
1,base64-ng,encode,url-safe,unpadded,64,avx512-vbmi,x86_64,linux,10,566.765982,556.495260,596.482187
1,base64-ng,encode,url-safe,unpadded,64,scalar,x86_64,linux,10,879.681563,844.636505,906.454568
1,base64-ng,encode,url-safe,unpadded,64,ssse3-sse4.1,x86_64,linux,10,285.828567,277.623099,292.687845
1,base64-ng,encode,url-safe,unpadded,65536,auto,x86_64,linux,10,1109.708780,1028.849453,1138.945354
1,base64-ng,encode,url-safe,unpadded,65536,avx2,x86_64,linux,10,607.770405,580.728777,620.993042
1,base64-ng,encode,url-safe,unpadded,65536,avx512-vbmi,x86_64,linux,10,1071.751029,1044.115989,1091.650024
1,base64-ng,encode,url-safe,unpadded,65536,scalar,x86_64,linux,10,2128.493934,1975.667677,2212.029681
1,base64-ng,encode,url-safe,unpadded,65536,ssse3-sse4.1,x86_64,linux,10,314.444094,291.665576,328.495066
1,base64ct-1.8.3,decode,standard,padded,1,external,x86_64,linux,10,36.764066,35.546840,37.795256
1,base64ct-1.8.3,decode,standard,padded,1024,external,x86_64,linux,10,853.819858,752.574841,858.355652
1,base64ct-1.8.3,decode,standard,padded,11,external,x86_64,linux,10,281.497997,276.356045,288.424420
1,base64ct-1.8.3,decode,standard,padded,12,external,x86_64,linux,10,427.380286,419.965183,435.933437
1,base64ct-1.8.3,decode,standard,padded,15,external,x86_64,linux,10,485.112201,476.985736,487.538288
1,base64ct-1.8.3,decode,standard,padded,16,external,x86_64,linux,10,369.306958,363.128413,377.997485
1,base64ct-1.8.3,decode,standard,padded,2,external,x86_64,linux,10,68.179502,63.626216,70.669936
1,base64ct-1.8.3,decode,standard,padded,23,external,x86_64,linux,10,431.463683,425.409124,447.376544
1,base64ct-1.8.3,decode,standard,padded,24,external,x86_64,linux,10,571.103138,556.645234,586.495213
1,base64ct-1.8.3,decode,standard,padded,3,external,x86_64,linux,10,166.621218,140.152083,171.179416
1,base64ct-1.8.3,decode,standard,padded,31,external,x86_64,linux,10,512.346184,494.764972,529.357351
1,base64ct-1.8.3,decode,standard,padded,32,external,x86_64,linux,10,504.525341,492.598280,524.244747
1,base64ct-1.8.3,decode,standard,padded,47,external,x86_64,linux,10,582.315883,533.748242,596.811355
1,base64ct-1.8.3,decode,standard,padded,48,external,x86_64,linux,10,679.428256,652.893192,691.998057
1,base64ct-1.8.3,decode,standard,padded,63,external,x86_64,linux,10,726.406274,723.470025,729.766018
1,base64ct-1.8.3,decode,standard,padded,64,external,x86_64,linux,10,652.480874,640.569338,661.046559
1,base64ct-1.8.3,decode,standard,padded,65536,external,x86_64,linux,10,871.216173,867.762347,872.848456
1,base64ct-1.8.3,decode,standard,unpadded,1,external,x86_64,linux,10,39.731495,38.958650,40.061281
1,base64ct-1.8.3,decode,standard,unpadded,1024,external,x86_64,linux,10,857.201012,851.803268,863.849538
1,base64ct-1.8.3,decode,standard,unpadded,11,external,x86_64,linux,10,293.637322,285.456307,298.101848
1,base64ct-1.8.3,decode,standard,unpadded,12,external,x86_64,linux,10,416.601763,414.417193,418.483928
1,base64ct-1.8.3,decode,standard,unpadded,15,external,x86_64,linux,10,468.273360,455.761542,472.183377
1,base64ct-1.8.3,decode,standard,unpadded,16,external,x86_64,linux,10,393.336264,384.857549,396.557524
1,base64ct-1.8.3,decode,standard,unpadded,2,external,x86_64,linux,10,69.018687,67.798305,69.330915
1,base64ct-1.8.3,decode,standard,unpadded,23,external,x86_64,linux,10,455.075712,451.215682,460.315612
1,base64ct-1.8.3,decode,standard,unpadded,24,external,x86_64,linux,10,570.752626,558.423578,572.051317
1,base64ct-1.8.3,decode,standard,unpadded,3,external,x86_64,linux,10,159.251014,155.734142,161.412509
1,base64ct-1.8.3,decode,standard,unpadded,31,external,x86_64,linux,10,536.375350,531.443790,540.101959
1,base64ct-1.8.3,decode,standard,unpadded,32,external,x86_64,linux,10,526.792090,515.811692,532.308745
1,base64ct-1.8.3,decode,standard,unpadded,47,external,x86_64,linux,10,606.669400,590.555852,612.074667
1,base64ct-1.8.3,decode,standard,unpadded,48,external,x86_64,linux,10,680.730505,669.228160,683.562238
1,base64ct-1.8.3,decode,standard,unpadded,63,external,x86_64,linux,10,720.397730,717.123181,723.477877
1,base64ct-1.8.3,decode,standard,unpadded,64,external,x86_64,linux,10,659.741602,652.985318,666.335609
1,base64ct-1.8.3,decode,standard,unpadded,65536,external,x86_64,linux,10,869.661903,857.669711,877.830565
1,base64ct-1.8.3,decode,url-safe,padded,1,external,x86_64,linux,10,37.215954,36.587050,38.032199
1,base64ct-1.8.3,decode,url-safe,padded,1024,external,x86_64,linux,10,837.190826,586.369948,855.092589
1,base64ct-1.8.3,decode,url-safe,padded,11,external,x86_64,linux,10,290.138729,284.750033,290.935431
1,base64ct-1.8.3,decode,url-safe,padded,12,external,x86_64,linux,10,432.607458,419.488201,439.188641
1,base64ct-1.8.3,decode,url-safe,padded,15,external,x86_64,linux,10,484.827114,482.695493,488.123717
1,base64ct-1.8.3,decode,url-safe,padded,16,external,x86_64,linux,10,378.897293,376.063095,383.197554
1,base64ct-1.8.3,decode,url-safe,padded,2,external,x86_64,linux,10,70.634294,69.066025,71.018580
1,base64ct-1.8.3,decode,url-safe,padded,23,external,x86_64,linux,10,448.925212,445.206928,452.076086
1,base64ct-1.8.3,decode,url-safe,padded,24,external,x86_64,linux,10,585.859844,582.539073,589.546351
1,base64ct-1.8.3,decode,url-safe,padded,3,external,x86_64,linux,10,170.276610,168.169176,170.759031
1,base64ct-1.8.3,decode,url-safe,padded,31,external,x86_64,linux,10,523.002997,459.457087,528.597647
1,base64ct-1.8.3,decode,url-safe,padded,32,external,x86_64,linux,10,520.877994,470.404114,523.475590
1,base64ct-1.8.3,decode,url-safe,padded,47,external,x86_64,linux,10,597.591894,583.707338,600.397753
1,base64ct-1.8.3,decode,url-safe,padded,48,external,x86_64,linux,10,689.519939,687.110352,691.983572
1,base64ct-1.8.3,decode,url-safe,padded,63,external,x86_64,linux,10,731.115249,729.515268,734.120364
1,base64ct-1.8.3,decode,url-safe,padded,64,external,x86_64,linux,10,660.012229,657.308241,661.637012
1,base64ct-1.8.3,decode,url-safe,padded,65536,external,x86_64,linux,10,873.090921,870.537949,876.949321
1,base64ct-1.8.3,decode,url-safe,unpadded,1,external,x86_64,linux,10,38.468309,37.188767,40.092470
1,base64ct-1.8.3,decode,url-safe,unpadded,1024,external,x86_64,linux,10,840.591152,767.139429,856.990374
1,base64ct-1.8.3,decode,url-safe,unpadded,11,external,x86_64,linux,10,290.060920,276.559365,299.184608
1,base64ct-1.8.3,decode,url-safe,unpadded,12,external,x86_64,linux,10,397.421088,313.157210,417.012607
1,base64ct-1.8.3,decode,url-safe,unpadded,15,external,x86_64,linux,10,456.216465,442.844662,467.752163
1,base64ct-1.8.3,decode,url-safe,unpadded,16,external,x86_64,linux,10,378.467018,371.706863,394.019920
1,base64ct-1.8.3,decode,url-safe,unpadded,2,external,x86_64,linux,10,67.045654,64.193472,69.587001
1,base64ct-1.8.3,decode,url-safe,unpadded,23,external,x86_64,linux,10,440.403677,434.432456,449.641343
1,base64ct-1.8.3,decode,url-safe,unpadded,24,external,x86_64,linux,10,555.281162,545.360720,564.074884
1,base64ct-1.8.3,decode,url-safe,unpadded,3,external,x86_64,linux,10,156.939605,154.058499,159.377459
1,base64ct-1.8.3,decode,url-safe,unpadded,31,external,x86_64,linux,10,520.501492,504.936413,534.172116
1,base64ct-1.8.3,decode,url-safe,unpadded,32,external,x86_64,linux,10,513.348210,506.152473,528.860024
1,base64ct-1.8.3,decode,url-safe,unpadded,47,external,x86_64,linux,10,597.153919,585.615690,608.181072
1,base64ct-1.8.3,decode,url-safe,unpadded,48,external,x86_64,linux,10,659.285624,642.778992,682.100048
1,base64ct-1.8.3,decode,url-safe,unpadded,63,external,x86_64,linux,10,704.243242,692.773606,720.702648
1,base64ct-1.8.3,decode,url-safe,unpadded,64,external,x86_64,linux,10,640.697304,629.987433,662.298806
1,base64ct-1.8.3,decode,url-safe,unpadded,65536,external,x86_64,linux,10,846.805929,759.391393,875.977755
1,base64ct-1.8.3,encode,standard,padded,1,external,x86_64,linux,10,118.907634,117.803079,120.684161
1,base64ct-1.8.3,encode,standard,padded,1024,external,x86_64,linux,10,2869.557627,2841.635645,2913.869655
1,base64ct-1.8.3,encode,standard,padded,11,external,x86_64,linux,10,827.262171,801.360428,849.712157
1,base64ct-1.8.3,encode,standard,padded,12,external,x86_64,linux,10,1270.003209,1219.937638,1295.695561
1,base64ct-1.8.3,encode,standard,padded,15,external,x86_64,linux,10,1380.803324,1344.771585,1425.865505
1,base64ct-1.8.3,encode,standard,padded,16,external,x86_64,linux,10,987.598379,940.473660,1062.295956
1,base64ct-1.8.3,encode,standard,padded,2,external,x86_64,linux,10,226.777101,220.337419,233.523788
1,base64ct-1.8.3,encode,standard,padded,23,external,x86_64,linux,10,1190.313234,1142.000696,1243.101653
1,base64ct-1.8.3,encode,standard,padded,24,external,x86_64,linux,10,1536.616362,1456.579647,1623.893055
1,base64ct-1.8.3,encode,standard,padded,3,external,x86_64,linux,10,555.436694,525.202511,560.486537
1,base64ct-1.8.3,encode,standard,padded,31,external,x86_64,linux,10,1358.500139,1318.811942,1396.303975
1,base64ct-1.8.3,encode,standard,padded,32,external,x86_64,linux,10,1370.316568,1340.663635,1418.375336
1,base64ct-1.8.3,encode,standard,padded,47,external,x86_64,linux,10,1469.972266,1327.841277,1516.000189
1,base64ct-1.8.3,encode,standard,padded,48,external,x86_64,linux,10,1693.020703,1622.592719,1742.729736
1,base64ct-1.8.3,encode,standard,padded,63,external,x86_64,linux,10,2495.513942,2478.738380,2517.168565
1,base64ct-1.8.3,encode,standard,padded,64,external,x86_64,linux,10,2135.647081,2094.948294,2157.485666
1,base64ct-1.8.3,encode,standard,padded,65536,external,x86_64,linux,10,2972.213155,2946.625561,2992.072504
1,base64ct-1.8.3,encode,standard,unpadded,1,external,x86_64,linux,10,158.401213,154.945684,162.214290
1,base64ct-1.8.3,encode,standard,unpadded,1024,external,x86_64,linux,10,2920.469573,2859.853590,2960.982395
1,base64ct-1.8.3,encode,standard,unpadded,11,external,x86_64,linux,10,1016.460938,974.240137,1051.731068
1,base64ct-1.8.3,encode,standard,unpadded,12,external,x86_64,linux,10,1043.416929,1020.903057,1070.369127
1,base64ct-1.8.3,encode,standard,unpadded,15,external,x86_64,linux,10,1170.012541,1131.000582,1205.232699
1,base64ct-1.8.3,encode,standard,unpadded,16,external,x86_64,linux,10,1195.653469,1135.430777,1232.327651
1,base64ct-1.8.3,encode,standard,unpadded,2,external,x86_64,linux,10,303.948938,294.284957,313.698820
1,base64ct-1.8.3,encode,standard,unpadded,23,external,x86_64,linux,10,1390.325365,1346.773365,1428.964564
1,base64ct-1.8.3,encode,standard,unpadded,24,external,x86_64,linux,10,1359.124100,1309.813171,1400.011250
1,base64ct-1.8.3,encode,standard,unpadded,3,external,x86_64,linux,10,397.952163,385.645560,404.278955
1,base64ct-1.8.3,encode,standard,unpadded,31,external,x86_64,linux,10,1516.260559,1506.454291,1526.586167
1,base64ct-1.8.3,encode,standard,unpadded,32,external,x86_64,linux,10,1552.387995,1504.899954,1563.436841
1,base64ct-1.8.3,encode,standard,unpadded,47,external,x86_64,linux,10,1644.355921,1626.735019,1660.033596
1,base64ct-1.8.3,encode,standard,unpadded,48,external,x86_64,linux,10,1585.673527,1540.275565,1598.350153
1,base64ct-1.8.3,encode,standard,unpadded,63,external,x86_64,linux,10,2305.425546,2269.046873,2335.820256
1,base64ct-1.8.3,encode,standard,unpadded,64,external,x86_64,linux,10,2330.976196,2142.378168,2340.677404
1,base64ct-1.8.3,encode,standard,unpadded,65536,external,x86_64,linux,10,2976.025881,2961.618169,3018.492037
1,base64ct-1.8.3,encode,url-safe,padded,1,external,x86_64,linux,10,120.416886,118.985523,121.098322
1,base64ct-1.8.3,encode,url-safe,padded,1024,external,x86_64,linux,10,2908.352791,2882.691742,2928.984572
1,base64ct-1.8.3,encode,url-safe,padded,11,external,x86_64,linux,10,835.788754,801.542206,867.997087
1,base64ct-1.8.3,encode,url-safe,padded,12,external,x86_64,linux,10,1278.203692,1228.798954,1329.953536
1,base64ct-1.8.3,encode,url-safe,padded,15,external,x86_64,linux,10,1386.893975,1346.227576,1439.322836
1,base64ct-1.8.3,encode,url-safe,padded,16,external,x86_64,linux,10,1035.075634,984.965729,1063.634599
1,base64ct-1.8.3,encode,url-safe,padded,2,external,x86_64,linux,10,234.116229,232.671053,235.441019
1,base64ct-1.8.3,encode,url-safe,padded,23,external,x86_64,linux,10,1216.510501,1144.052896,1264.900627
1,base64ct-1.8.3,encode,url-safe,padded,24,external,x86_64,linux,10,1563.274071,1460.592068,1609.231529
1,base64ct-1.8.3,encode,url-safe,padded,3,external,x86_64,linux,10,564.104340,553.608413,571.750249
1,base64ct-1.8.3,encode,url-safe,padded,31,external,x86_64,linux,10,1347.566431,1335.639156,1365.024751
1,base64ct-1.8.3,encode,url-safe,padded,32,external,x86_64,linux,10,1418.432681,1401.638936,1422.808040
1,base64ct-1.8.3,encode,url-safe,padded,47,external,x86_64,linux,10,1500.358122,1464.221225,1534.140032
1,base64ct-1.8.3,encode,url-safe,padded,48,external,x86_64,linux,10,1713.923407,1705.973036,1730.417543
1,base64ct-1.8.3,encode,url-safe,padded,63,external,x86_64,linux,10,2482.129015,1653.970906,2509.052849
1,base64ct-1.8.3,encode,url-safe,padded,64,external,x86_64,linux,10,2114.387296,1533.742919,2137.926169
1,base64ct-1.8.3,encode,url-safe,padded,65536,external,x86_64,linux,10,2979.481736,2964.873659,3001.202732
1,base64ct-1.8.3,encode,url-safe,unpadded,1,external,x86_64,linux,10,153.178606,148.178733,159.669229
1,base64ct-1.8.3,encode,url-safe,unpadded,1024,external,x86_64,linux,10,2832.892167,2099.123773,2937.713856
1,base64ct-1.8.3,encode,url-safe,unpadded,11,external,x86_64,linux,10,1012.077702,952.485271,1072.344212
1,base64ct-1.8.3,encode,url-safe,unpadded,12,external,x86_64,linux,10,1027.002688,989.392511,1063.078680
1,base64ct-1.8.3,encode,url-safe,unpadded,15,external,x86_64,linux,10,1135.551407,1082.649892,1179.472264
1,base64ct-1.8.3,encode,url-safe,unpadded,16,external,x86_64,linux,10,1118.198507,1051.103606,1236.254014
1,base64ct-1.8.3,encode,url-safe,unpadded,2,external,x86_64,linux,10,297.449930,284.182804,308.987440
1,base64ct-1.8.3,encode,url-safe,unpadded,23,external,x86_64,linux,10,1328.590170,1290.132083,1430.264419
1,base64ct-1.8.3,encode,url-safe,unpadded,24,external,x86_64,linux,10,1325.435992,1270.644798,1389.893194
1,base64ct-1.8.3,encode,url-safe,unpadded,3,external,x86_64,linux,10,387.751352,309.772524,403.487163
1,base64ct-1.8.3,encode,url-safe,unpadded,31,external,x86_64,linux,10,1471.934672,1438.047312,1510.369522
1,base64ct-1.8.3,encode,url-safe,unpadded,32,external,x86_64,linux,10,1522.510571,1496.742154,1562.561648
1,base64ct-1.8.3,encode,url-safe,unpadded,47,external,x86_64,linux,10,1618.962141,1587.870943,1654.427464
1,base64ct-1.8.3,encode,url-safe,unpadded,48,external,x86_64,linux,10,1511.965403,1437.039379,1597.001116
1,base64ct-1.8.3,encode,url-safe,unpadded,63,external,x86_64,linux,10,2239.796186,2127.323307,2309.821422
1,base64ct-1.8.3,encode,url-safe,unpadded,64,external,x86_64,linux,10,2255.682990,2212.703908,2335.160986
1,base64ct-1.8.3,encode,url-safe,unpadded,65536,external,x86_64,linux,10,2917.549620,2811.976489,3003.505842
